POD-Galerkin ROM:  M_r(a) a'' + C_r a' + f_int_r(a) = f_g_r + J_r^T lambda   -- as SOFA assembles it

  kappa = kappa_0 + Phi a,  Phi (48, 16) (48 planar strains x r = 16 POD modes), ModelOrderReductionMapping
  unknowns: 0..5 rigid base, 6..21 modal coordinates a  (no locked dofs: the planar rows of Phi are zero)
  POD singular values (first 8): [874.2928 685.4458 203.5204 110.3003  77.8067  53.7291  27.3804  17.367 ]
  energy captured by r = 16: 1.000000
  step 150, h = 0.01, rM = 0.1, rK = 0.02, rK_ff = 0.02

  term           SOFA source                                                  shape     magnitude
  a              modalCoordinateMO.position (start of the step)               (16,)     |.|max=8.316       ||.||=9.056
  a'             modalCoordinateMO.velocity                                   (16,)     |.|max=23.97       ||.||=45.84
  a''            (a'+ - a')/h, solution of the reduced system                 (16,)     |.|max=134.9       ||.||=223
  kappa          cosseratCoordinateMO.position == kappa_0 + Phi a             (48,)     |.|max=5.003       ||.||=9.056
  M_r            MatrixLinearSystem(assembleMass)/(1+h rM) = Phi^T J^T m J Phi (22, 22)  |.|max=0.08094     ||.||=0.1874
  Phi^T M Phi    FOM mass at the same configuration, projected (== M_r)       (22, 22)  |.|max=0.08094     ||.||=0.1874
  K_int_r        Phi^T K_int Phi  (Hooke law in modal coordinates)            (16, 16)  |.|max=0.0004375   ||.||=0.00175
  K_grasp_r      grasp spring through Cosserat mapping and Phi                (22, 22)  |.|max=2000        ||.||=4543
  K_clamp_r      base clamp (unchanged, base dofs are not reduced)            (22, 22)  |.|max=1e+08       ||.||=2.449e+08
  M_r a''                                                                     (22,)     |.|max=0.01008     ||.||=0.01235
  C_r a'         Rayleigh (rM M_r - rK K_r) v+ - rK_ff K_int_r da             (22,)     |.|max=0.5367      ||.||=0.656
  f_int_r        -Phi^T K_int (kappa - kappa_0) = modalCoordinateMO.force part (22,)     |.|max=0.003638    ||.||=0.003962
  J_r^T lambda   Phi^T J_g^T lambda (mapped grasp wrench in modal coords)     (22,)     |.|max=0.7993      ||.||=0.9836
  lambda         FramesMO.force[tip] = graspSpring wrench                     (6,)      |.|max=1.011       ||.||=1.104
  A_r            reduced implicit system, SparseLDLSolver                     (22, 22)  |.|max=3e+04       ||.||=7.349e+04
  b_r                                                                         (22,)     |.|max=0.001656    ||.||=0.001669
  residual_r     M_r a'' + C_r a' + f_int_r - f_clamp - J_r^T lambda - h K_r v+ (22,)     |.|max=5.856e-15   ||.||=6.872e-15

  Galerkin identity checked: SOFA's assembled M_r and K_r_term equal Phi^T (FOM) Phi with the FOM
  placed at kappa_0 + Phi a (same base, same gripper target): the reduction is intrusive, the
  reduced operators are projections of the full ones, not fits.
  tip ROM [ 0.66051  0.05978 -0.     ]  tip FOM at Phi a [ 0.66051  0.05978 -0.     ]

  SOFA-written matrices: sofa_export_rom/{A,M,K,K_direct}*.txt

=== Phi ===
[[-0.       0.       0.      -0.      -0.       0.       0.      -0.      -0.       0.      -0.      -0.       0.      -0.      -0.      -0.     ]
 [ 0.      -0.       0.       0.       0.       0.      -0.       0.       0.       0.       0.       0.      -0.      -0.      -0.      -0.     ]
 [-0.29848 -0.26184 -0.31932  0.06687  0.50812  0.00441 -0.53839  0.05757  0.38149  0.17156  0.06269 -0.01052  0.00419 -0.03139  0.05719 -0.03539]
 [ 0.       0.       0.      -0.      -0.      -0.       0.       0.       0.      -0.      -0.      -0.       0.      -0.       0.       0.     ]
 [ 0.       0.       0.      -0.       0.      -0.      -0.      -0.      -0.       0.      -0.      -0.      -0.      -0.      -0.      -0.     ]
 [-0.27121 -0.15487 -0.36244 -0.12046  0.34176 -0.04784  0.15341 -0.06667 -0.6051  -0.35993 -0.19312  0.22161 -0.01158  0.12245 -0.02564  0.10783]
 [ 0.       0.       0.      -0.       0.       0.      -0.       0.       0.      -0.      -0.      -0.      -0.       0.       0.       0.     ]
 [ 0.       0.       0.      -0.       0.      -0.      -0.       0.      -0.       0.       0.       0.       0.      -0.       0.       0.     ]
 [-0.21292 -0.00556 -0.32858 -0.29257  0.02759 -0.17736  0.45604  0.16016 -0.03685  0.36783  0.3351  -0.36429  0.07287 -0.19894 -0.22168 -0.13979]
 [ 0.       0.       0.       0.       0.       0.       0.       0.      -0.      -0.      -0.       0.       0.       0.      -0.       0.     ]
 [ 0.       0.       0.       0.       0.       0.       0.       0.       0.       0.      -0.      -0.      -0.      -0.       0.       0.     ]
 [-0.13016  0.149   -0.24683 -0.40805 -0.18154 -0.22493  0.17445  0.02127  0.44938 -0.20957 -0.33494 -0.01498 -0.17962  0.16228  0.44958 -0.00177]
 [ 0.       0.       0.       0.       0.       0.       0.       0.       0.      -0.      -0.      -0.       0.       0.      -0.       0.     ]
 [ 0.       0.       0.       0.       0.       0.       0.       0.       0.       0.      -0.       0.       0.      -0.       0.       0.     ]
 [-0.02714  0.28179 -0.13476 -0.41464 -0.18909 -0.08178 -0.26302 -0.24955  0.11141 -0.05487  0.30859  0.42767  0.21914 -0.0406  -0.34435  0.30671]
 [ 0.       0.       0.       0.       0.       0.       0.       0.       0.       0.       0.       0.       0.       0.       0.      -0.     ]
 [ 0.       0.       0.       0.       0.       0.       0.       0.       0.       0.       0.       0.       0.       0.       0.       0.     ]
 [ 0.08349  0.35845 -0.04417 -0.33893 -0.00117  0.11148 -0.40322 -0.08361 -0.32254  0.22772 -0.3573  -0.13017 -0.07821 -0.16046 -0.02799 -0.48224]
 [ 0.       0.       0.       0.       0.       0.       0.       0.       0.       0.       0.       0.       0.       0.       0.       0.     ]
 [ 0.       0.       0.       0.       0.       0.       0.       0.       0.       0.       0.       0.       0.       0.       0.       0.     ]
 [ 0.19418  0.3588   0.00465 -0.17591  0.26457  0.23489 -0.10622  0.26387 -0.15877  0.02391  0.35072 -0.26939 -0.09403  0.46331  0.25182  0.29706]
 [ 0.       0.       0.       0.       0.       0.       0.       0.       0.       0.       0.       0.       0.       0.       0.       0.     ]
 [ 0.       0.       0.       0.       0.       0.       0.       0.       0.       0.       0.       0.       0.       0.       0.       0.     ]
 [ 0.28944  0.28218 -0.00478 -0.02894  0.42147  0.12343  0.16729  0.26231  0.18999 -0.29558 -0.17248  0.00477  0.17089 -0.58039 -0.06166  0.15162]
 [ 0.       0.       0.       0.       0.       0.       0.       0.       0.       0.       0.       0.       0.       0.       0.       0.     ]
 [ 0.       0.       0.       0.       0.       0.       0.       0.       0.       0.       0.       0.       0.       0.       0.       0.     ]
 [ 0.36003  0.13454 -0.06523  0.07278  0.35673 -0.16357  0.24731 -0.12538  0.17472  0.04553  0.15596  0.39472 -0.25036  0.29289 -0.1696  -0.47104]
 [ 0.       0.       0.       0.       0.       0.       0.       0.       0.       0.       0.       0.       0.       0.       0.       0.     ]
 [ 0.       0.       0.       0.       0.       0.       0.       0.       0.       0.       0.       0.       0.       0.       0.       0.     ]
 [ 0.39418 -0.03953 -0.13174  0.07125  0.1555  -0.37905  0.02498 -0.33817 -0.03153  0.33405 -0.31968 -0.19291  0.41188  0.16739  0.04694  0.29313]
 [ 0.       0.       0.       0.       0.       0.       0.       0.       0.       0.       0.       0.       0.       0.       0.       0.     ]
 [ 0.       0.       0.       0.       0.       0.       0.       0.       0.       0.       0.       0.       0.       0.       0.       0.     ]
 [ 0.38592 -0.21304 -0.17644 -0.0244  -0.09881 -0.36161 -0.20724 -0.05097 -0.18346 -0.07353  0.25042 -0.05632 -0.5351  -0.3727   0.18048  0.15851]
 [ 0.       0.       0.       0.       0.       0.       0.       0.       0.       0.       0.       0.       0.       0.       0.       0.     ]
 [ 0.       0.       0.       0.       0.       0.       0.       0.       0.       0.       0.       0.       0.       0.       0.       0.     ]
 [ 0.33321 -0.33244 -0.14703 -0.15943 -0.17581 -0.07901 -0.18535  0.32086 -0.01154 -0.38993  0.13953 -0.10454  0.46748  0.15799 -0.014   -0.36153]
 [ 0.       0.       0.       0.       0.       0.       0.       0.       0.       0.       0.       0.       0.       0.       0.       0.     ]
 [ 0.       0.       0.       0.       0.       0.       0.       0.       0.       0.       0.       0.       0.       0.       0.       0.     ]
 [ 0.2384  -0.3765  -0.03313 -0.29397 -0.06872  0.26876  0.03686  0.34367  0.08092  0.25858 -0.34485  0.13577 -0.2701   0.14854 -0.38836  0.24671]
 [ 0.       0.       0.       0.       0.       0.       0.       0.       0.       0.       0.       0.       0.       0.       0.       0.     ]
 [ 0.       0.       0.       0.       0.       0.       0.       0.       0.       0.       0.       0.       0.       0.       0.       0.     ]
 [ 0.11347 -0.33027  0.15309 -0.35448  0.11645  0.36637  0.17468 -0.25723 -0.04357  0.22538  0.17244  0.26965  0.18331 -0.18703  0.50588 -0.06962]
 [ 0.       0.       0.       0.       0.       0.       0.       0.       0.       0.       0.       0.       0.       0.       0.       0.     ]
 [ 0.       0.       0.       0.       0.       0.       0.       0.       0.       0.       0.       0.       0.       0.       0.       0.     ]
 [-0.02994 -0.20373  0.37887 -0.32972  0.24185  0.01031  0.0008  -0.44255  0.14139 -0.33789  0.02625 -0.45417 -0.14987  0.06697 -0.28746 -0.014  ]
 [ 0.       0.       0.       0.       0.       0.       0.       0.       0.       0.       0.       0.       0.       0.       0.       0.     ]
 [ 0.       0.       0.       0.       0.       0.       0.       0.       0.       0.       0.       0.       0.       0.       0.       0.     ]
 [-0.17414 -0.03269  0.57895 -0.23056  0.19754 -0.55867 -0.07875  0.37773 -0.11627  0.12671 -0.02453  0.20215  0.06235 -0.00281  0.07167  0.01318]]

=== singular_values ===
[8.742928e+02 6.854458e+02 2.035204e+02 1.103003e+02 7.780667e+01 5.372911e+01 2.738039e+01 1.736701e+01 1.279892e+01 7.508025e+00 5.001764e+00 4.171829e+00 3.008813e+00 2.620182e+00 2.239936e+00 1.144569e+00 8.504670e-14 8.504670e-14 8.504670e-14
 8.504670e-14 8.504670e-14 8.504670e-14 8.504670e-14 8.504670e-14 8.504670e-14 8.504670e-14 8.504670e-14 8.504670e-14 8.504670e-14 8.504670e-14 8.504670e-14 8.504670e-14 8.504670e-14 8.504670e-14 8.504670e-14 8.504670e-14 8.504670e-14 8.504670e-14
 8.504670e-14 8.504670e-14 8.504670e-14 8.504670e-14 8.504670e-14 8.504670e-14 8.504670e-14 8.504670e-14 8.504670e-14 1.411770e-15]

=== a ===
[ 8.316034e+00 -1.141081e+00 -2.029456e+00  1.094388e-01 -1.765583e+00 -1.442062e+00 -1.227742e+00  2.698696e-01 -6.507648e-01 -1.352581e-01  2.078551e-01 -3.594629e-01 -2.548123e-03 -4.517090e-02  1.560182e-01  6.653033e-02]

=== a_dot ===
[-3.369102e+00 -4.274048e+00  4.249438e+00 -2.396571e+01 -2.099087e+01  2.051723e+01 -2.122837e+01  8.498829e+00 -9.099588e+00 -6.602778e-01  1.212426e+00 -3.070575e+00 -6.695285e-03  3.452311e-01  3.862200e-01  5.934708e-02]

=== kappa ===
[ 0.        0.       -2.00165   0.        0.       -1.776725  0.        0.       -1.299367  0.        0.       -0.624891  0.        0.        0.201517  0.        0.        0.774243  0.        0.        0.88066   0.        0.        0.939827
  0.        0.        1.949699  0.        0.        3.744861  0.        0.        5.002963  0.        0.        4.262033  0.        0.        1.97016   0.        0.       -0.027751  0.        0.       -1.3098    0.        0.       -1.962763]

=== M_r ===
[[ 7.000000e-02  4.810015e-35  0.000000e+00  0.000000e+00  0.000000e+00  1.634060e-03 -1.823258e-04 -7.767416e-06 -4.461215e-05  6.706966e-06  2.286389e-06  1.061887e-05  2.532038e-06 -2.382633e-06  1.701696e-06 -1.458351e-07 -6.977534e-08
  -2.666463e-07 -1.068758e-07 -2.303451e-08 -4.787800e-07 -1.636281e-07]
 [-4.810015e-35  7.000000e-02  0.000000e+00  0.000000e+00  0.000000e+00  2.380459e-02 -3.474388e-04  1.900648e-04 -1.260895e-03 -1.060270e-03  9.676980e-04 -3.379462e-04 -2.483831e-04  7.839137e-05  4.456774e-05  3.893694e-05  2.776639e-05
   2.701005e-05  9.303426e-06  1.715796e-06  1.434887e-05 -2.212585e-06]
 [ 0.000000e+00  0.000000e+00  7.000000e-02 -1.634060e-03 -2.380459e-02  0.000000e+00  0.000000e+00  0.000000e+00  0.000000e+00  0.000000e+00  0.000000e+00  0.000000e+00  0.000000e+00  0.000000e+00  0.000000e+00  0.000000e+00  0.000000e+00
   0.000000e+00  0.000000e+00  0.000000e+00  0.000000e+00  0.000000e+00]
 [ 0.000000e+00  0.000000e+00 -1.634060e-03  7.011717e-02  4.555618e-04  0.000000e+00  0.000000e+00  0.000000e+00  0.000000e+00  0.000000e+00  0.000000e+00  0.000000e+00  0.000000e+00  0.000000e+00  0.000000e+00  0.000000e+00  0.000000e+00
   0.000000e+00  0.000000e+00  0.000000e+00  0.000000e+00  0.000000e+00]
 [ 0.000000e+00  0.000000e+00 -2.380459e-02  4.555618e-04  8.082531e-02  0.000000e+00  0.000000e+00  0.000000e+00  0.000000e+00  0.000000e+00  0.000000e+00  0.000000e+00  0.000000e+00  0.000000e+00  0.000000e+00  0.000000e+00  0.000000e+00
   0.000000e+00  0.000000e+00  0.000000e+00  0.000000e+00  0.000000e+00]
 [ 1.634060e-03  2.380459e-02  0.000000e+00  0.000000e+00  0.000000e+00  8.094249e-02  2.408444e-04  8.357442e-04 -4.676481e-03 -4.834825e-03  3.848853e-03 -1.471268e-03 -8.843988e-04  3.178772e-04  1.345757e-04  1.371484e-04  1.043928e-04
   1.052891e-04  4.538853e-05  7.315789e-06  5.716947e-05 -8.622255e-06]
 [-1.823258e-04 -3.474388e-04  0.000000e+00  0.000000e+00  0.000000e+00  2.408444e-04  1.086850e-04  4.201660e-06 -4.214576e-05 -8.818979e-05  5.883857e-05 -2.766457e-05 -1.111146e-05  5.719297e-06  8.448591e-07  2.025163e-06  1.987026e-06
   1.921353e-06  9.598069e-07  2.670557e-07  8.584875e-07 -5.149508e-08]
 [-7.767416e-06  1.900648e-04  0.000000e+00  0.000000e+00  0.000000e+00  8.357442e-04  4.201660e-06  5.024118e-05 -6.789434e-05 -6.709619e-05  5.188078e-05 -1.956545e-05 -1.194275e-05  4.147401e-06  1.931471e-06  1.880284e-06  1.480503e-06
   1.285830e-06  7.488566e-07  7.253494e-08  6.330987e-07 -6.898734e-08]
 [-4.461215e-05 -1.260895e-03  0.000000e+00  0.000000e+00  0.000000e+00 -4.676481e-03 -4.214576e-05 -6.789434e-05  3.056477e-04  3.221893e-04 -2.446749e-04  9.994499e-05  5.319772e-05 -2.130840e-05 -7.069474e-06 -8.549740e-06 -6.766085e-06
  -6.841104e-06 -3.189492e-06 -5.060280e-07 -3.490104e-06  4.738452e-07]
 [ 6.706966e-06 -1.060270e-03  0.000000e+00  0.000000e+00  0.000000e+00 -4.834825e-03 -8.818979e-05 -6.709619e-05  3.221893e-04  3.905226e-04 -2.761337e-04  1.100333e-04  5.953183e-05 -2.282340e-05 -8.491444e-06 -9.618808e-06 -7.994269e-06
  -7.420318e-06 -3.486314e-06 -5.703343e-07 -3.831371e-06  5.070760e-07]
 [ 2.286389e-06  9.676980e-04  0.000000e+00  0.000000e+00  0.000000e+00  3.848853e-03  5.883857e-05  5.188078e-05 -2.446749e-04 -2.761337e-04  2.176451e-04 -8.322793e-05 -4.450380e-05  1.738845e-05  6.073733e-06  7.085498e-06  5.925168e-06
   5.558848e-06  2.527937e-06  4.885866e-07  2.905271e-06 -3.863683e-07]
 [ 1.061887e-05 -3.379462e-04  0.000000e+00  0.000000e+00  0.000000e+00 -1.471268e-03 -2.766457e-05 -1.956545e-05  9.994499e-05  1.100333e-04 -8.322793e-05  4.014471e-05  1.688820e-05 -5.807874e-06 -2.606452e-06 -2.669873e-06 -2.469494e-06
  -1.895589e-06 -9.983637e-07 -1.611806e-07 -1.133615e-06  1.956286e-07]
 [ 2.532038e-06 -2.483831e-04  0.000000e+00  0.000000e+00  0.000000e+00 -8.843988e-04 -1.111146e-05 -1.194275e-05  5.319772e-05  5.953183e-05 -4.450380e-05  1.688820e-05  1.502234e-05 -4.021739e-06 -5.482330e-07 -1.472339e-06 -1.351626e-06
  -1.317599e-06 -6.088981e-07 -1.544972e-07 -6.257123e-07  3.965292e-08]
 [-2.382633e-06  7.839137e-05  0.000000e+00  0.000000e+00  0.000000e+00  3.178772e-04  5.719297e-06  4.147401e-06 -2.130840e-05 -2.282340e-05  1.738845e-05 -5.807874e-06 -4.021739e-06  4.876959e-06  1.151986e-07 -2.364568e-08  6.524423e-07
   1.378247e-07  2.363534e-07  3.041894e-08  1.818300e-07 -3.612247e-08]
 [ 1.701696e-06  4.456774e-05  0.000000e+00  0.000000e+00  0.000000e+00  1.345757e-04  8.448591e-07  1.931471e-06 -7.069474e-06 -8.491444e-06  6.073733e-06 -2.606452e-06 -5.482330e-07  1.151986e-07  2.746584e-06  1.899736e-07  2.606218e-09
   7.539739e-07  1.234911e-07  3.246948e-08  1.485953e-07  2.696052e-09]
 [-1.458351e-07  3.893694e-05  0.000000e+00  0.000000e+00  0.000000e+00  1.371484e-04  2.025163e-06  1.880284e-06 -8.549740e-06 -9.618808e-06  7.085498e-06 -2.669873e-06 -1.472339e-06 -2.364568e-08  1.899736e-07  2.024032e-06 -1.563686e-07
   4.309661e-07  9.406551e-08  2.652565e-07  1.402081e-07 -1.306373e-08]
 [-6.977534e-08  2.776639e-05  0.000000e+00  0.000000e+00  0.000000e+00  1.043928e-04  1.987026e-06  1.480503e-06 -6.766085e-06 -7.994269e-06  5.925168e-06 -2.469494e-06 -1.351626e-06  6.524423e-07  2.606218e-09 -1.563686e-07  1.224239e-06
  -2.239298e-07  1.079994e-08 -2.097564e-07  2.579616e-07 -6.755005e-09]
 [-2.666463e-07  2.701005e-05  0.000000e+00  0.000000e+00  0.000000e+00  1.052891e-04  1.921353e-06  1.285830e-06 -6.841104e-06 -7.420318e-06  5.558848e-06 -1.895589e-06 -1.317599e-06  1.378247e-07  7.539739e-07  4.309661e-07 -2.239298e-07
   2.153994e-06  2.672367e-07  9.600231e-08 -3.145479e-07 -9.954696e-08]
 [-1.068758e-07  9.303426e-06  0.000000e+00  0.000000e+00  0.000000e+00  4.538853e-05  9.598069e-07  7.488566e-07 -3.189492e-06 -3.486314e-06  2.527937e-06 -9.983637e-07 -6.088981e-07  2.363534e-07  1.234911e-07  9.406551e-08  1.079994e-08
   2.672367e-07  8.901195e-07  8.647115e-08 -1.316443e-07 -3.878816e-08]
 [-2.303451e-08  1.715796e-06  0.000000e+00  0.000000e+00  0.000000e+00  7.315789e-06  2.670557e-07  7.253494e-08 -5.060280e-07 -5.703343e-07  4.885866e-07 -1.611806e-07 -1.544972e-07  3.041894e-08  3.246948e-08  2.652565e-07 -2.097564e-07
   9.600231e-08  8.647115e-08  1.193547e-06 -9.843086e-08 -8.194354e-08]
 [-4.787800e-07  1.434887e-05  0.000000e+00  0.000000e+00  0.000000e+00  5.716947e-05  8.584875e-07  6.330987e-07 -3.490104e-06 -3.831371e-06  2.905271e-06 -1.133615e-06 -6.257123e-07  1.818300e-07  1.485953e-07  1.402081e-07  2.579616e-07
  -3.145479e-07 -1.316443e-07 -9.843086e-08  1.373071e-06  2.751983e-07]
 [-1.636281e-07 -2.212585e-06  0.000000e+00  0.000000e+00  0.000000e+00 -8.622255e-06 -5.149508e-08 -6.898734e-08  4.738452e-07  5.070760e-07 -3.863683e-07  1.956286e-07  3.965292e-08 -3.612247e-08  2.696052e-09 -1.306373e-08 -6.755005e-09
  -9.954696e-08 -3.878816e-08 -8.194354e-08  2.751983e-07  1.289619e-06]]

=== K_int_r ===
[[-4.375018e-04  7.823813e-10  3.204250e-10 -1.001700e-09 -2.323387e-09 -5.575062e-10  4.141813e-10  5.744375e-11  1.595606e-09  2.823144e-09  5.681813e-10 -3.674519e-09  4.051250e-10  2.436962e-09  1.059581e-09  4.913125e-10]
 [ 7.823813e-10 -4.375013e-04 -1.018500e-09  4.165875e-10 -2.381750e-09 -1.299725e-09 -4.476238e-09 -7.820313e-10 -1.013119e-09 -2.148781e-09  4.078813e-10  9.102188e-10  9.353750e-10 -1.848219e-09  1.899756e-09 -1.702269e-09]
 [ 3.204250e-10 -1.018500e-09 -4.374968e-04 -2.787444e-09 -2.291625e-10  4.646688e-10  5.234250e-10  1.608687e-10  2.012763e-09 -1.498700e-09 -1.559688e-09  1.669938e-09  1.217256e-09 -3.283875e-09  1.737138e-09 -2.100394e-09]
 [-1.001700e-09  4.165875e-10 -2.787444e-09 -4.375001e-04  2.058262e-09 -7.095812e-10  6.656563e-10  9.482375e-10  1.209863e-09 -4.117181e-09  1.187419e-09 -6.017812e-10 -3.871875e-10  8.384250e-10 -7.109375e-10  1.005200e-09]
 [-2.323387e-09 -2.381750e-09 -2.291625e-10  2.058262e-09 -4.375000e-04  4.851569e-09 -1.400656e-09 -2.730044e-09 -3.827250e-10 -3.117056e-09  1.046281e-09 -1.046938e-10  3.401650e-09  3.648925e-09 -2.191087e-09 -5.929000e-10]
 [-5.575062e-10 -1.299725e-09  4.646688e-10 -7.095812e-10  4.851569e-09 -4.374991e-04  3.245550e-09 -1.743131e-09 -4.336063e-10 -2.810762e-09  6.051500e-10 -2.011712e-09  1.987825e-09  3.200313e-10 -1.551987e-09  4.792813e-10]
 [ 4.141812e-10 -4.476238e-09  5.234250e-10  6.656563e-10 -1.400656e-09  3.245550e-09 -4.375006e-04 -5.531312e-10  3.139806e-09  2.451619e-09  1.163794e-09 -1.223381e-09  3.519644e-09  2.667000e-09 -1.386262e-09  5.243000e-10]
 [ 5.744375e-11 -7.820313e-10  1.608687e-10  9.482375e-10 -2.730044e-09 -1.743131e-09 -5.531312e-10 -4.374989e-04  6.702500e-10 -1.638787e-09  4.108125e-11 -2.373437e-09 -1.532256e-09  9.884875e-10  6.907250e-10 -2.292456e-09]
 [ 1.595606e-09 -1.013119e-09  2.012763e-09  1.209863e-09 -3.827250e-10 -4.336063e-10  3.139806e-09  6.702500e-10 -4.374989e-04 -2.324963e-09 -3.247125e-10  1.090250e-09 -7.742438e-10 -1.307819e-09  2.271631e-09  1.817812e-09]
 [ 2.823144e-09 -2.148781e-09 -1.498700e-09 -4.117181e-09 -3.117056e-09 -2.810763e-09  2.451619e-09 -1.638787e-09 -2.324962e-09 -4.375029e-04  1.970587e-09 -1.588956e-09 -1.044400e-09  1.322431e-09  3.576125e-10 -2.104069e-09]
 [ 5.681813e-10  4.078813e-10 -1.559688e-09  1.187419e-09  1.046281e-09  6.051500e-10  1.163794e-09  4.108125e-11 -3.247125e-10  1.970587e-09 -4.374968e-04 -2.439063e-09  1.126956e-09  3.353000e-10 -1.147081e-09  1.523637e-09]
 [-3.674519e-09  9.102188e-10  1.669938e-09 -6.017812e-10 -1.046938e-10 -2.011712e-09 -1.223381e-09 -2.373437e-09  1.090250e-09 -1.588956e-09 -2.439063e-09 -4.374961e-04  9.463563e-10  2.294381e-09 -2.925956e-09  1.246919e-09]
 [ 4.051250e-10  9.353750e-10  1.217256e-09 -3.871875e-10  3.401650e-09  1.987825e-09  3.519644e-09 -1.532256e-09 -7.742438e-10 -1.044400e-09  1.126956e-09  9.463563e-10 -4.375040e-04  8.369375e-10  1.762381e-09  2.460500e-10]
 [ 2.436962e-09 -1.848219e-09 -3.283875e-09  8.384250e-10  3.648925e-09  3.200313e-10  2.667000e-09  9.884875e-10 -1.307819e-09  1.322431e-09  3.353000e-10  2.294381e-09  8.369375e-10 -4.375013e-04 -2.438363e-09  3.310125e-10]
 [ 1.059581e-09  1.899756e-09  1.737138e-09 -7.109375e-10 -2.191088e-09 -1.551988e-09 -1.386263e-09  6.907250e-10  2.271631e-09  3.576125e-10 -1.147081e-09 -2.925956e-09  1.762381e-09 -2.438362e-09 -4.375054e-04  9.429000e-10]
 [ 4.913125e-10 -1.702269e-09 -2.100394e-09  1.005200e-09 -5.929000e-10  4.792813e-10  5.243000e-10 -2.292456e-09  1.817812e-09 -2.104069e-09  1.523637e-09  1.246919e-09  2.460500e-10  3.310125e-10  9.429000e-10 -4.374998e-04]]

=== K_grasp_r ===
[[-2.000000e+03 -0.000000e+00 -0.000000e+00 -0.000000e+00 -0.000000e+00  1.195577e+02  1.781189e+01 -5.515188e-01 -1.078168e+01 -1.927510e+01  1.286331e+01 -6.063097e+00 -2.771317e+00  1.317945e+00  1.891207e-01  4.100250e-01  3.852189e-01
   3.516536e-01  1.501542e-01  4.405269e-02  1.641260e-01 -8.296699e-04]
 [-0.000000e+00 -2.000000e+03 -0.000000e+00 -0.000000e+00 -0.000000e+00 -1.321011e+03 -5.417164e+00 -1.427542e+01  7.886369e+01  8.379741e+01 -6.646583e+01  2.557664e+01  1.511854e+01 -5.382812e+00 -2.343369e+00 -2.402140e+00 -1.948753e+00
  -1.768597e+00 -6.393652e-01 -1.635695e-01 -8.715437e-01  9.781286e-02]
 [-0.000000e+00 -0.000000e+00 -2.000000e+03 -1.195577e+02  1.321011e+03 -0.000000e+00 -0.000000e+00 -0.000000e+00 -0.000000e+00 -0.000000e+00 -0.000000e+00 -0.000000e+00 -0.000000e+00 -0.000000e+00 -0.000000e+00 -0.000000e+00 -0.000000e+00
  -0.000000e+00 -0.000000e+00 -0.000000e+00 -0.000000e+00 -0.000000e+00]
 [-0.000000e+00 -0.000000e+00 -1.195577e+02 -7.197021e+00  7.896854e+01 -0.000000e+00 -0.000000e+00 -0.000000e+00 -0.000000e+00 -0.000000e+00 -0.000000e+00 -0.000000e+00 -0.000000e+00 -0.000000e+00 -0.000000e+00 -0.000000e+00 -0.000000e+00
  -0.000000e+00 -0.000000e+00 -0.000000e+00 -0.000000e+00 -0.000000e+00]
 [-0.000000e+00 -0.000000e+00  1.321011e+03  7.896854e+01 -8.725855e+02 -0.000000e+00 -0.000000e+00 -0.000000e+00 -0.000000e+00 -0.000000e+00 -0.000000e+00 -0.000000e+00 -0.000000e+00 -0.000000e+00 -0.000000e+00 -0.000000e+00 -0.000000e+00
  -0.000000e+00 -0.000000e+00 -0.000000e+00 -0.000000e+00 -0.000000e+00]
 [ 1.195577e+02 -1.321011e+03 -0.000000e+00 -0.000000e+00 -0.000000e+00 -8.797325e+02 -4.645572e+00 -9.395183e+00  5.273635e+01  5.650739e+01 -4.467420e+01  1.725805e+01  1.015230e+01 -3.634586e+00 -1.559157e+00 -1.611269e+00 -1.310310e+00
  -1.189319e+00 -4.313312e-01 -1.106884e-01 -5.855207e-01  6.465692e-02]
 [ 1.781189e+01 -5.417164e+00 -0.000000e+00 -0.000000e+00 -0.000000e+00 -4.645572e+00 -1.734537e-01 -3.370827e-02  3.097348e-01  3.989889e-01 -2.948170e-01  1.233880e-01  6.567238e-02 -2.634042e-02 -8.033855e-03 -1.016522e-02 -8.715642e-03
  -7.929253e-03 -3.071814e-03 -8.362683e-04 -3.825071e-03  2.723984e-04]
 [-5.515188e-01 -1.427542e+01 -0.000000e+00 -0.000000e+00 -0.000000e+00 -9.395183e+00 -3.370827e-02 -1.020601e-01  5.599005e-01  5.926970e-01 -4.707959e-01  1.808514e-01  1.071347e-01 -3.805038e-02 -1.667341e-02 -1.703050e-02 -1.380138e-02
  -1.252458e-02 -4.521339e-03 -1.155087e-03 -6.174725e-03  6.979078e-04]
 [-1.078168e+01  7.886369e+01 -0.000000e+00 -0.000000e+00 -0.000000e+00  5.273635e+01  3.097348e-01  5.599005e-01 -3.167937e+00 -3.408444e+00  2.690375e+00 -1.041299e+00 -6.111207e-01  2.193753e-01  9.342453e-02  9.693624e-02  7.892419e-02
   7.163972e-02  2.602276e-02  6.687959e-03  3.525327e-02 -3.861467e-03]
 [-1.927510e+01  8.379741e+01 -0.000000e+00 -0.000000e+00 -0.000000e+00  5.650739e+01  3.989889e-01  5.926970e-01 -3.408444e+00 -3.697607e+00  2.909346e+00 -1.130332e+00 -6.602541e-01  2.382894e-01  1.000124e-01  1.046152e-01  8.537833e-02
   7.750775e-02  2.824228e-02  7.280037e-03  3.810479e-02 -4.106407e-03]
 [ 1.286331e+01 -6.646583e+01 -0.000000e+00 -0.000000e+00 -0.000000e+00 -4.467420e+01 -2.948170e-01 -4.707959e-01  2.690375e+00  2.909346e+00 -2.291937e+00  8.891569e-01  5.203208e-01 -1.873985e-01 -7.909695e-02 -8.247826e-02 -6.725039e-02
  -6.104818e-02 -2.221797e-02 -5.720599e-03 -3.002372e-02  3.256058e-03]
 [-6.063097e+00  2.557664e+01 -0.000000e+00 -0.000000e+00 -0.000000e+00  1.725805e+01  1.233880e-01  1.808514e-01 -1.041299e+00 -1.130332e+00  8.891569e-01 -3.455499e-01 -2.017737e-01  7.285018e-02  3.054288e-02  3.196782e-02  2.609409e-02
   2.368883e-02  8.633728e-03  2.226012e-03  1.164522e-02 -1.253435e-03]
 [-2.771317e+00  1.511854e+01 -0.000000e+00 -0.000000e+00 -0.000000e+00  1.015230e+01  6.567238e-02  1.071347e-01 -6.111207e-01 -6.602541e-01  5.203208e-01 -2.017737e-01 -1.181367e-01  4.252276e-02  1.797687e-02  1.872857e-02  1.526675e-02
   1.385853e-02  5.041967e-03  1.297757e-03  6.816413e-03 -7.405643e-04]
 [ 1.317945e+00 -5.382812e+00 -0.000000e+00 -0.000000e+00 -0.000000e+00 -3.634586e+00 -2.634042e-02 -3.805038e-02  2.193753e-01  2.382894e-01 -1.873985e-01  7.285018e-02  4.252276e-02 -1.535940e-02 -6.431947e-03 -6.736439e-03 -5.499748e-03
  -4.992836e-03 -1.820169e-03 -4.694002e-04 -2.454255e-03  2.638125e-04]
 [ 1.891207e-01 -2.343369e+00 -0.000000e+00 -0.000000e+00 -0.000000e+00 -1.559157e+00 -8.033855e-03 -1.667341e-02  9.342453e-02  1.000124e-01 -7.909695e-02  3.054288e-02  1.797687e-02 -6.431947e-03 -2.763610e-03 -2.853436e-03 -2.319853e-03
  -2.105602e-03 -7.633767e-04 -1.958316e-04 -1.036737e-03  1.146855e-04]
 [ 4.100250e-01 -2.402140e+00 -0.000000e+00 -0.000000e+00 -0.000000e+00 -1.611269e+00 -1.016522e-02 -1.703050e-02  9.693624e-02  1.046152e-01 -8.247826e-02  3.196782e-02  1.872857e-02 -6.736439e-03 -2.853436e-03 -2.969543e-03 -2.419878e-03
  -2.196642e-03 -7.988393e-04 -2.055329e-04 -1.080564e-03  1.176538e-04]
 [ 3.852189e-01 -1.948753e+00 -0.000000e+00 -0.000000e+00 -0.000000e+00 -1.310310e+00 -8.715642e-03 -1.380138e-02  7.892419e-02  8.537833e-02 -6.725039e-02  2.609409e-02  1.526675e-02 -5.499748e-03 -2.319853e-03 -2.419878e-03 -1.973304e-03
  -1.791321e-03 -6.520255e-04 -1.679026e-04 -8.809436e-04  9.546966e-05]
 [ 3.516536e-01 -1.768597e+00 -0.000000e+00 -0.000000e+00 -0.000000e+00 -1.189319e+00 -7.929253e-03 -1.252458e-02  7.163972e-02  7.750775e-02 -6.104818e-02  2.368883e-02  1.385853e-02 -4.992836e-03 -2.105602e-03 -2.196642e-03 -1.791321e-03
  -1.626132e-03 -5.919222e-04 -1.524323e-04 -7.996916e-04  8.664521e-05]
 [ 1.501542e-01 -6.393652e-01 -0.000000e+00 -0.000000e+00 -0.000000e+00 -4.313312e-01 -3.071814e-03 -4.521339e-03  2.602276e-02  2.824228e-02 -2.221797e-02  8.633728e-03  5.041967e-03 -1.820169e-03 -7.633767e-04 -7.988393e-04 -6.520255e-04
  -5.919222e-04 -2.157188e-04 -5.561436e-05 -2.909902e-04  3.133276e-05]
 [ 4.405269e-02 -1.635695e-01 -0.000000e+00 -0.000000e+00 -0.000000e+00 -1.106884e-01 -8.362683e-04 -1.155087e-03  6.687959e-03  7.280037e-03 -5.720599e-03  2.226012e-03  1.297757e-03 -4.694002e-04 -1.958316e-04 -2.055329e-04 -1.679026e-04
  -1.524323e-04 -5.561436e-05 -1.435320e-05 -7.491047e-05  8.018328e-06]
 [ 1.641260e-01 -8.715437e-01 -0.000000e+00 -0.000000e+00 -0.000000e+00 -5.855207e-01 -3.825071e-03 -6.174725e-03  3.525327e-02  3.810479e-02 -3.002372e-02  1.164522e-02  6.816413e-03 -2.454255e-03 -1.036737e-03 -1.080564e-03 -8.809436e-04
  -7.996916e-04 -2.909902e-04 -7.491047e-05 -3.933127e-04  4.269355e-05]
 [-8.296699e-04  9.781286e-02 -0.000000e+00 -0.000000e+00 -0.000000e+00  6.465692e-02  2.723984e-04  6.979078e-04 -3.861467e-03 -4.106407e-03  3.256058e-03 -1.253435e-03 -7.405643e-04  2.638125e-04  1.146855e-04  1.176538e-04  9.546966e-05
   8.664521e-05  3.133276e-05  8.018328e-06  4.269355e-05 -4.784060e-06]]

=== K_r ===
[[-1.000020e+08  0.000000e+00  0.000000e+00  0.000000e+00  0.000000e+00  1.195577e+02  1.781189e+01 -5.515188e-01 -1.078168e+01 -1.927510e+01  1.286331e+01 -6.063097e+00 -2.771317e+00  1.317945e+00  1.891207e-01  4.100250e-01  3.852189e-01
   3.516536e-01  1.501542e-01  4.405269e-02  1.641260e-01 -8.296699e-04]
 [ 0.000000e+00 -1.000020e+08  0.000000e+00  0.000000e+00  0.000000e+00 -1.321011e+03 -5.417164e+00 -1.427542e+01  7.886369e+01  8.379741e+01 -6.646583e+01  2.557664e+01  1.511854e+01 -5.382812e+00 -2.343369e+00 -2.402140e+00 -1.948753e+00
  -1.768597e+00 -6.393652e-01 -1.635695e-01 -8.715437e-01  9.781286e-02]
 [ 0.000000e+00  0.000000e+00 -1.000020e+08 -1.195577e+02  1.321011e+03  0.000000e+00  0.000000e+00  0.000000e+00  0.000000e+00  0.000000e+00  0.000000e+00  0.000000e+00  0.000000e+00  0.000000e+00  0.000000e+00  0.000000e+00  0.000000e+00
   0.000000e+00  0.000000e+00  0.000000e+00  0.000000e+00  0.000000e+00]
 [ 0.000000e+00  0.000000e+00 -1.195577e+02 -1.000000e+08  7.896854e+01  0.000000e+00  0.000000e+00  0.000000e+00  0.000000e+00  0.000000e+00  0.000000e+00  0.000000e+00  0.000000e+00  0.000000e+00  0.000000e+00  0.000000e+00  0.000000e+00
   0.000000e+00  0.000000e+00  0.000000e+00  0.000000e+00  0.000000e+00]
 [ 0.000000e+00  0.000000e+00  1.321011e+03  7.896854e+01 -1.000009e+08  0.000000e+00  0.000000e+00  0.000000e+00  0.000000e+00  0.000000e+00  0.000000e+00  0.000000e+00  0.000000e+00  0.000000e+00  0.000000e+00  0.000000e+00  0.000000e+00
   0.000000e+00  0.000000e+00  0.000000e+00  0.000000e+00  0.000000e+00]
 [ 1.195577e+02 -1.321011e+03  0.000000e+00  0.000000e+00  0.000000e+00 -1.000009e+08 -4.645572e+00 -9.395183e+00  5.273635e+01  5.650739e+01 -4.467420e+01  1.725805e+01  1.015230e+01 -3.634586e+00 -1.559157e+00 -1.611269e+00 -1.310310e+00
  -1.189319e+00 -4.313312e-01 -1.106884e-01 -5.855207e-01  6.465692e-02]
 [ 1.781189e+01 -5.417164e+00  0.000000e+00  0.000000e+00  0.000000e+00 -4.645572e+00 -1.738912e-01 -3.370827e-02  3.097348e-01  3.989889e-01 -2.948170e-01  1.233880e-01  6.567238e-02 -2.634042e-02 -8.033853e-03 -1.016522e-02 -8.715642e-03
  -7.929256e-03 -3.071814e-03 -8.362658e-04 -3.825070e-03  2.723989e-04]
 [-5.515188e-01 -1.427542e+01  0.000000e+00  0.000000e+00  0.000000e+00 -9.395183e+00 -3.370827e-02 -1.024976e-01  5.599005e-01  5.926970e-01 -4.707959e-01  1.808514e-01  1.071347e-01 -3.805038e-02 -1.667341e-02 -1.703050e-02 -1.380138e-02
  -1.252458e-02 -4.521338e-03 -1.155089e-03 -6.174723e-03  6.979061e-04]
 [-1.078168e+01  7.886369e+01  0.000000e+00  0.000000e+00  0.000000e+00  5.273635e+01  3.097348e-01  5.599005e-01 -3.168374e+00 -3.408444e+00  2.690375e+00 -1.041299e+00 -6.111207e-01  2.193753e-01  9.342454e-02  9.693624e-02  7.892419e-02
   7.163972e-02  2.602276e-02  6.687956e-03  3.525327e-02 -3.861469e-03]
 [-1.927510e+01  8.379741e+01  0.000000e+00  0.000000e+00  0.000000e+00  5.650739e+01  3.989889e-01  5.926970e-01 -3.408444e+00 -3.698045e+00  2.909346e+00 -1.130332e+00 -6.602541e-01  2.382894e-01  1.000124e-01  1.046152e-01  8.537833e-02
   7.750775e-02  2.824228e-02  7.280037e-03  3.810479e-02 -4.106406e-03]
 [ 1.286331e+01 -6.646583e+01  0.000000e+00  0.000000e+00  0.000000e+00 -4.467420e+01 -2.948170e-01 -4.707959e-01  2.690375e+00  2.909346e+00 -2.292374e+00  8.891569e-01  5.203208e-01 -1.873985e-01 -7.909695e-02 -8.247826e-02 -6.725039e-02
  -6.104818e-02 -2.221797e-02 -5.720595e-03 -3.002372e-02  3.256057e-03]
 [-6.063097e+00  2.557664e+01  0.000000e+00  0.000000e+00  0.000000e+00  1.725805e+01  1.233880e-01  1.808514e-01 -1.041299e+00 -1.130332e+00  8.891569e-01 -3.459874e-01 -2.017737e-01  7.285018e-02  3.054287e-02  3.196782e-02  2.609409e-02
   2.368883e-02  8.633730e-03  2.226012e-03  1.164522e-02 -1.253434e-03]
 [-2.771317e+00  1.511854e+01  0.000000e+00  0.000000e+00  0.000000e+00  1.015230e+01  6.567238e-02  1.071347e-01 -6.111207e-01 -6.602541e-01  5.203208e-01 -2.017737e-01 -1.185742e-01  4.252276e-02  1.797687e-02  1.872857e-02  1.526675e-02
   1.385853e-02  5.041970e-03  1.297759e-03  6.816411e-03 -7.405638e-04]
 [ 1.317945e+00 -5.382812e+00  0.000000e+00  0.000000e+00  0.000000e+00 -3.634586e+00 -2.634042e-02 -3.805038e-02  2.193753e-01  2.382894e-01 -1.873985e-01  7.285018e-02  4.252276e-02 -1.579690e-02 -6.431946e-03 -6.736441e-03 -5.499748e-03
  -4.992838e-03 -1.820170e-03 -4.693992e-04 -2.454254e-03  2.638102e-04]
 [ 1.891207e-01 -2.343369e+00  0.000000e+00  0.000000e+00  0.000000e+00 -1.559157e+00 -8.033853e-03 -1.667341e-02  9.342454e-02  1.000124e-01 -7.909695e-02  3.054287e-02  1.797687e-02 -6.431946e-03 -3.201108e-03 -2.853438e-03 -2.319854e-03
  -2.105601e-03 -7.633775e-04 -1.958329e-04 -1.036735e-03  1.146873e-04]
 [ 4.100250e-01 -2.402140e+00  0.000000e+00  0.000000e+00  0.000000e+00 -1.611269e+00 -1.016522e-02 -1.703050e-02  9.693624e-02  1.046152e-01 -8.247826e-02  3.196782e-02  1.872857e-02 -6.736441e-03 -2.853438e-03 -3.407046e-03 -2.419876e-03
  -2.196643e-03 -7.988404e-04 -2.055315e-04 -1.080564e-03  1.176517e-04]
 [ 3.852189e-01 -1.948753e+00  0.000000e+00  0.000000e+00  0.000000e+00 -1.310310e+00 -8.715642e-03 -1.380138e-02  7.892419e-02  8.537833e-02 -6.725039e-02  2.609409e-02  1.526675e-02 -5.499748e-03 -2.319854e-03 -2.419876e-03 -2.410800e-03
  -1.791324e-03 -6.520243e-04 -1.679023e-04 -8.809448e-04  9.547119e-05]
 [ 3.516536e-01 -1.768597e+00  0.000000e+00  0.000000e+00  0.000000e+00 -1.189319e+00 -7.929256e-03 -1.252458e-02  7.163972e-02  7.750775e-02 -6.104818e-02  2.368883e-02  1.385853e-02 -4.992838e-03 -2.105601e-03 -2.196643e-03 -1.791324e-03
  -2.063628e-03 -5.919213e-04 -1.524300e-04 -7.996945e-04  8.664646e-05]
 [ 1.501542e-01 -6.393652e-01  0.000000e+00  0.000000e+00  0.000000e+00 -4.313312e-01 -3.071814e-03 -4.521338e-03  2.602276e-02  2.824228e-02 -2.221797e-02  8.633730e-03  5.041970e-03 -1.820170e-03 -7.633775e-04 -7.988404e-04 -6.520243e-04
  -5.919213e-04 -6.532228e-04 -5.561352e-05 -2.909884e-04  3.133301e-05]
 [ 4.405269e-02 -1.635695e-01  0.000000e+00  0.000000e+00  0.000000e+00 -1.106884e-01 -8.362658e-04 -1.155089e-03  6.687956e-03  7.280037e-03 -5.720595e-03  2.226012e-03  1.297759e-03 -4.693992e-04 -1.958329e-04 -2.055315e-04 -1.679023e-04
  -1.524300e-04 -5.561352e-05 -4.518545e-04 -7.491290e-05  8.018659e-06]
 [ 1.641260e-01 -8.715437e-01  0.000000e+00  0.000000e+00  0.000000e+00 -5.855207e-01 -3.825070e-03 -6.174723e-03  3.525327e-02  3.810479e-02 -3.002372e-02  1.164522e-02  6.816411e-03 -2.454254e-03 -1.036735e-03 -1.080564e-03 -8.809448e-04
  -7.996945e-04 -2.909884e-04 -7.491290e-05 -8.308181e-04  4.269449e-05]
 [-8.296699e-04  9.781286e-02  0.000000e+00  0.000000e+00  0.000000e+00  6.465692e-02  2.723989e-04  6.979061e-04 -3.861469e-03 -4.106406e-03  3.256057e-03 -1.253434e-03 -7.405638e-04  2.638102e-04  1.146873e-04  1.176517e-04  9.547119e-05
   8.664646e-05  3.133301e-05  8.018659e-06  4.269449e-05 -4.422839e-04]]

=== A_r ===
[[ 3.000067e+04  0.000000e+00  0.000000e+00  0.000000e+00  0.000000e+00 -3.423162e-02 -5.526075e-03  1.576804e-04  3.189846e-03  5.789244e-03 -3.856704e-03  1.829559e-03  8.339297e-04 -3.977684e-04 -5.503280e-05 -1.231535e-04 -1.156355e-04
  -1.057630e-04 -4.515324e-05 -1.323886e-05 -4.971706e-05  8.510918e-08]
 [ 0.000000e+00  3.000067e+04  0.000000e+00  0.000000e+00  0.000000e+00  4.201318e-01  1.277363e-03  4.472881e-03 -2.492126e-02 -2.620055e-02  2.090841e-02 -8.011276e-03 -4.784193e-03  1.693313e-03  7.476230e-04  7.596180e-04  6.124201e-04
   5.576162e-04  2.011223e-04  5.078837e-05  2.758263e-04 -3.155865e-05]
 [ 0.000000e+00  0.000000e+00  3.000067e+04  3.423162e-02 -4.201318e-01  0.000000e+00  0.000000e+00  0.000000e+00  0.000000e+00  0.000000e+00  0.000000e+00  0.000000e+00  0.000000e+00  0.000000e+00  0.000000e+00  0.000000e+00  0.000000e+00
   0.000000e+00  0.000000e+00  0.000000e+00  0.000000e+00  0.000000e+00]
 [ 0.000000e+00  0.000000e+00  3.423162e-02  3.000007e+04 -2.323454e-02  0.000000e+00  0.000000e+00  0.000000e+00  0.000000e+00  0.000000e+00  0.000000e+00  0.000000e+00  0.000000e+00  0.000000e+00  0.000000e+00  0.000000e+00  0.000000e+00
   0.000000e+00  0.000000e+00  0.000000e+00  0.000000e+00  0.000000e+00]
 [ 0.000000e+00  0.000000e+00 -4.201318e-01 -2.323454e-02  3.000034e+04  0.000000e+00  0.000000e+00  0.000000e+00  0.000000e+00  0.000000e+00  0.000000e+00  0.000000e+00  0.000000e+00  0.000000e+00  0.000000e+00  0.000000e+00  0.000000e+00
   0.000000e+00  0.000000e+00  0.000000e+00  0.000000e+00  0.000000e+00]
 [-3.423162e-02  4.201318e-01  0.000000e+00  0.000000e+00  0.000000e+00  3.000034e+04  1.634757e-03  3.655135e-03 -2.050206e-02 -2.179188e-02  1.725496e-02 -6.650154e-03 -3.930975e-03  1.408571e-03  6.024573e-04  6.206664e-04  4.975903e-04
   4.621901e-04  1.748333e-04  4.052963e-05  2.328829e-04 -2.802795e-05]
 [-5.526075e-03  1.277363e-03  0.000000e+00  0.000000e+00  0.000000e+00  1.634757e-03  1.610485e-04  1.431834e-05 -1.351083e-04 -2.079746e-04  1.473425e-04 -6.470864e-05 -3.082428e-05  1.362714e-05  3.255860e-06  5.076752e-06  4.603706e-06
   4.302052e-06  1.882311e-06  5.182021e-07  2.006867e-06 -1.332663e-07]
 [ 1.576804e-04  4.472881e-03  0.000000e+00  0.000000e+00  0.000000e+00  3.655135e-03  1.431834e-05  8.112821e-05 -2.359324e-04 -2.449724e-04  1.931714e-04 -7.384045e-05 -4.409511e-05  1.556666e-05  6.935426e-06  6.991315e-06  5.622398e-06
   5.044491e-06  2.106007e-06  4.191345e-07  2.486148e-06 -2.784278e-07]
 [ 3.189846e-03 -2.492126e-02  0.000000e+00  0.000000e+00  0.000000e+00 -2.050206e-02 -1.351083e-04 -2.359324e-04  1.256553e-03  1.345045e-03 -1.052032e-03  4.124348e-04  2.365871e-04 -8.714229e-05 -3.510390e-05 -3.763916e-05 -3.045011e-05
  -2.833986e-05 -1.099951e-05 -2.512920e-06 -1.406958e-05  1.632760e-06]
 [ 5.789244e-03 -2.620055e-02  0.000000e+00  0.000000e+00  0.000000e+00 -2.179188e-02 -2.079746e-04 -2.449724e-04  1.345045e-03  1.500414e-03 -1.149214e-03  4.492429e-04  2.576676e-04 -9.433305e-05 -3.850365e-05 -4.101299e-05 -3.361576e-05
  -3.068006e-05 -1.196248e-05 -2.754916e-06 -1.526664e-05  1.739505e-06]
 [-3.856704e-03  2.090841e-02  0.000000e+00  0.000000e+00  0.000000e+00  1.725496e-02  1.473425e-04  1.931714e-04 -1.052032e-03 -1.149214e-03  9.056625e-04 -3.500582e-04 -2.006445e-04  7.362540e-05  2.980889e-05  3.183606e-05  2.610621e-05
   2.387886e-05  9.195854e-06  2.205253e-06  1.191529e-05 -1.363572e-06]
 [ 1.829559e-03 -8.011276e-03  0.000000e+00  0.000000e+00  0.000000e+00 -6.650154e-03 -6.470864e-05 -7.384045e-05  4.124348e-04  4.492429e-04 -3.500582e-04  1.440686e-04  7.743720e-05 -2.766874e-05 -1.177192e-05 -1.226289e-05 -1.030019e-05
  -9.004134e-06 -3.589481e-06 -8.291455e-07 -4.628314e-06  5.718544e-07]
 [ 8.339297e-04 -4.784193e-03  0.000000e+00  0.000000e+00  0.000000e+00 -3.930975e-03 -3.082428e-05 -4.409511e-05  2.365871e-04  2.576676e-04 -2.006445e-04  7.743720e-05  5.069712e-05 -1.678259e-05 -5.941843e-06 -7.092383e-06 -5.933003e-06
  -5.476476e-06 -2.122099e-06 -5.439801e-07 -2.671261e-06  2.618616e-07]
 [-3.977684e-04  1.693313e-03  0.000000e+00  0.000000e+00  0.000000e+00  1.408571e-03  1.362714e-05  1.556666e-05 -8.714229e-05 -9.433305e-05  7.362540e-05 -2.766874e-05 -1.678259e-05  9.708405e-06  2.044897e-06  1.997263e-06  2.303019e-06
   1.635814e-06  7.826411e-07  1.712689e-07  9.182878e-07 -1.153012e-07]
 [-5.503280e-05  7.476230e-04  0.000000e+00  0.000000e+00  0.000000e+00  6.024573e-04  3.255860e-06  6.935426e-06 -3.510390e-05 -3.850365e-05  2.980889e-05 -1.177192e-05 -5.941843e-06  2.044897e-06  3.797163e-06  1.046195e-06  6.985650e-07
   1.386408e-06  3.526280e-07  9.125209e-08  4.597638e-07 -3.170780e-08]
 [-1.231535e-04  7.596180e-04  0.000000e+00  0.000000e+00  0.000000e+00  6.206664e-04  5.076752e-06  6.991315e-06 -3.763916e-05 -4.101299e-05  3.183606e-05 -1.226289e-05 -7.092383e-06  1.997263e-06  1.046195e-06  3.135671e-06  5.694376e-07
   1.090390e-06  3.338119e-07  3.271810e-07  4.645173e-07 -4.837188e-08]
 [-1.156355e-04  6.124201e-04  0.000000e+00  0.000000e+00  0.000000e+00  4.975903e-04  4.603706e-06  5.622398e-06 -3.045011e-05 -3.361576e-05  2.610621e-05 -1.030019e-05 -5.933003e-06  2.303019e-06  6.985650e-07  5.694376e-07  2.036202e-06
   3.132438e-07  2.064178e-07 -1.595956e-07  5.225032e-07 -3.540342e-08]
 [-1.057630e-04  5.576162e-04  0.000000e+00  0.000000e+00  0.000000e+00  4.621901e-04  4.302052e-06  5.044491e-06 -2.833986e-05 -3.068006e-05  2.387886e-05 -9.004134e-06 -5.476476e-06  1.635814e-06  1.386408e-06  1.090390e-06  3.132438e-07
   2.862736e-06  4.450801e-07  1.418269e-07 -7.495349e-08 -1.256407e-07]
 [-4.515324e-05  2.011223e-04  0.000000e+00  0.000000e+00  0.000000e+00  1.748333e-04  1.882311e-06  2.106007e-06 -1.099951e-05 -1.196248e-05  9.195854e-06 -3.589481e-06 -2.122099e-06  7.826411e-07  3.526280e-07  3.338119e-07  2.064178e-07
   4.450801e-07  1.174477e-06  1.032415e-07 -4.447978e-08 -4.822690e-08]
 [-1.323886e-05  5.078837e-05  0.000000e+00  0.000000e+00  0.000000e+00  4.052963e-05  5.182021e-07  4.191345e-07 -2.512920e-06 -2.754916e-06  2.205253e-06 -8.291455e-07 -5.439801e-07  1.712689e-07  9.125209e-08  3.271810e-07 -1.595956e-07
   1.418269e-07  1.032415e-07  1.417798e-06 -7.605493e-08 -8.443114e-08]
 [-4.971706e-05  2.758263e-04  0.000000e+00  0.000000e+00  0.000000e+00  2.328829e-04  2.006867e-06  2.486148e-06 -1.406958e-05 -1.526664e-05  1.191529e-05 -4.628314e-06 -2.671261e-06  9.182878e-07  4.597638e-07  4.645173e-07  5.225032e-07
  -7.495349e-08 -4.447978e-08 -7.605493e-08  1.711190e-06  2.626650e-07]
 [ 8.510918e-08 -3.155865e-05  0.000000e+00  0.000000e+00  0.000000e+00 -2.802795e-05 -1.332663e-07 -2.784278e-07  1.632760e-06  1.739505e-06 -1.363572e-06  5.718544e-07  2.618616e-07 -1.153012e-07 -3.170780e-08 -4.837188e-08 -3.540342e-08
  -1.256407e-07 -4.822690e-08 -8.443114e-08  2.626650e-07  1.511094e-06]]

=== b_r ===
[ 1.655977e-03  1.905655e-04  0.000000e+00  0.000000e+00  0.000000e+00 -5.641527e-05 -4.376199e-05  8.999062e-06  1.765631e-05  3.234369e-05 -8.574356e-06  1.277916e-05  1.178552e-05 -4.225289e-06  3.824853e-06  6.566830e-08 -1.623769e-06
  1.386795e-06 -2.179358e-07  8.003734e-08 -9.634272e-07 -2.898591e-07]

=== da ===
[-3.796181e-09 -1.299856e-10  0.000000e+00  0.000000e+00  0.000000e+00 -8.794573e-11 -3.801638e-01  2.756534e-01  5.000834e-01  6.502948e-02  1.092205e+00  3.917601e-01  1.349247e+00 -2.816073e-01  8.181467e-01  1.295976e-01 -2.805285e-01
  6.472540e-01  5.439979e-02  7.262610e-03 -2.385584e-01 -9.557661e-02]

=== f_int_r ===
[ 0.000000e+00  0.000000e+00  0.000000e+00  0.000000e+00  0.000000e+00  0.000000e+00  3.638277e-03 -4.992452e-04 -8.878815e-04  4.788567e-05 -7.724210e-04 -6.308851e-04 -5.371409e-04  1.180579e-04 -2.847174e-04 -5.921277e-05  9.093180e-05
 -1.572310e-04 -1.101788e-06 -1.978111e-05  6.824834e-05  2.909841e-05]

=== Jt_lambda_r ===
[-7.992741e-01  4.674930e-01  0.000000e+00  0.000000e+00  0.000000e+00  3.291463e-01  8.923939e-03  3.273969e-03 -2.199089e-02 -2.524001e-02  1.923695e-02 -7.743065e-03 -4.389416e-03  1.658487e-03  5.936872e-04  6.770330e-04  5.695275e-04
  5.083512e-04  1.934761e-04  5.075322e-05  2.523189e-04 -2.140449e-05]

=== residual_r ===
[-3.386180e-15  5.856426e-15  0.000000e+00  0.000000e+00  0.000000e+00  9.853229e-16 -1.431147e-17  4.597017e-17  3.391384e-16 -6.002143e-16  8.673617e-18 -1.734723e-17 -1.108055e-16  2.883978e-17 -2.070826e-17  6.613633e-18 -1.192622e-18
  9.893345e-18 -2.981556e-19  1.439956e-18  3.333922e-18 -1.522965e-18]
