96 33
-0 0 0 0 -0 0 0 0 0 -0 -0 -0 -0 -0 -0 0 0 0 0 -0 0 -0 -0 0 -0 -0 -0 -0 -0 -0 -0 -0 -0
0 0 -0 -0 -0 0 -0 0 0 -0 0 0 0 0 0 -0 0 -0 -0 0 -0 -0 0 -0 -0 -0 -0 0 -0 -0 -0 -0 -0
-11.549255006276379 -14.327444385813244 19.098318902832411 23.395882890555157 16.212558948455449 -24.724499012691268 -7.2306549950293482 9.613940842042128 0.7486912008870642 -2.2671096261854777 -0.5665383608245026 -2.0428847390743456 -1.9104534091600949 0.80701835702258251 0.0086056459872076354 0.1023115689590241 -0.45753351165320594 0.27777112880931309 -0.83187911209673793 0.55458607473115862 0.13769033579532217 0.094662105859283974 0.061673796241654706 0.32653645607015636 -0.17928429140015903 0.03251021817389551 0.29354814645252708 -0.0033466401061363021 -0.018167474861882783 0.032032126730161752 0.065020436347791019 -0.16302918231321128 -0.033466401061363026
-0.00015280388925491579 8.1134808453937584e-05 0.00041446364651886455 -0.0098842480399009471 0.013529905433097877 2.0959825517267212e-05 -0.0004124352763075161 0.00020148477432727836 -1.3522468075656266e-06 0.0001271111999111689 -0.00046720127201392401 0.00045773554436096458 -0.0010283836971536589 -0.0038160404909501977 0.0020946303049191556 -0.0044035917288374627 0.0059573233107303673 0.020880042955620837 0.018109289246918871 0.024728537369952612 0.0090134010958286843 -0.0041060974311730248 0.010833525298812019 -0.0200200139860091 -0.030865033382685429 -0.02828697484406156 0.00032048249339305349 0.0019228949603583209 -0.019499398965096334 -0.002347500457933928 0.0073616316203872715 0.0041162392822297672 0.0001271111999111689
-0.00051314158447185476 0.00018815191430634676 0.00048641546028061237 0.0034049082219642867 0.0021722993742641855 -0.0060604159216061347 -0.0064249602555746816 0.0019071762222870605 -0.028671786032364886 0.024872400217337862 0.040106291006346051 0.06668916317192343 0.041894803237223999 0.021950700320751238 -0.0013352371645944721 -0.0039041522218566951 0.017430778197528318 -0.0025507412928121782 0.020635775010542111 -0.0087479949702774749 -0.02177430790108904 -0.0044354675707785948 -3.2071349029490922e-05 -0.010542921470961317 0.0051474515192332935 -0.0007002244538105519 -0.0096363713383943728 -0.00020204949888579283 0.00014752820553565825 0.0018601382437104736 -0.0019766641451842907 0.0052832202301248046 0.00083171698483146457
0 -0 0 0 -0 0 0 -0 0 0 0 -0 0 0 -0 -0 -0 -0 0 0 0 -0 -0 0 -0 -0 -0 -0 -0 -0 -0 -0 -0
0 -0 -0 0 0 -0 0 0 0 0 -0 0 0 0 0 -0 0 -0 -0 0 -0 -0 -0 0 -0 -0 -0 -0 -0 -0 0 -0 0
0 -0 -0 0 -0 0 0 -0 0 -0 0 0 -0 -0 -0 -0 0 0 0 0 0 0 0 0 0 0 0 0 0 0 0 0 0
-6.4657086850553362 -15.677096531473641 15.897018595591168 3.1386703281121178 2.4420910945920333 10.419046833289777 22.161450782834592 -24.806252649569739 0.075538448109933681 15.231515305913778 -5.8680943803881389 0.48430663250229633 5.1217936367197439 -12.180813803448673 -2.1055147182034681 1.2631175943445871 1.0178566837091696 -2.2350774994553162 4.0575620829684 -3.8457675733943448 3.8897519862178509 -0.1505988047761336 -1.4973824017741284 -1.9831233086076261 1.0431955302270588 -0.17402528551908772 -1.9357922556779839 0.28589868335278695 0.18071856573136033 -0.98917119708514423 -0.55410798328742483 1.2588147713509834 0.34852866248190917
-0.00015550838287004706 8.2487055261503217e-05 0.00042054875715290984 -0.0099714679589889294 0.013617801475589643 1.3522468075656266e-06 -0.00044353695288152549 0.00020283702113484399 -5.0709255283710998e-05 9.262890631824541e-05 -0.00062947088892179915 0.00021095050198023774 -0.0010987005311470716 -0.0028424227895029472 -0.0059552949405190193 -0.018072102459710818 0.0021980771856979259 0.0083947481813674094 0.012266230791427798 0.016753661822334332 0.002893132044786658 0.014748955930118289 0.0016659680669208518 -0.0099268438143392656 -0.0075942180712885591 0.022383065282230035 0.00033738557848762379 -0.0037125936101714278 0.032036755241441041 0.0035665509549543399 -0.029748753643039999 -0.01213438672769015 -0.0014151262841174282
-0.00063608175575157009 0.00010583545179732005 0.00023518989288293346 0.0011192900811292333 0.00085630501908740767 -0.001434658346585894 0.0011770185093823171 -0.0059075424912322276 -0.033008901466119706 0.013261502823694496 0.017230866788577822 0.010262831689437096 0.016229171653890057 0.0016399149803746358 -0.0033183155795846611 0.0029997401792250513 -0.036173274570362811 0.014470592682106306 -0.028115882649187046 0.013810991937066442 0.03278547106788092 0.012924753658884841 -0.0042280728470545535 0.040402416462385016 -0.025554450906698369 0.0025165318538473876 0.042983091014291382 -0.0072085702168619105 -0.0015351485735449655 -0.010306662533110734 0.011778737453564368 -0.029383769980819586 -0.001463522560712436
0 0 0 0 0 0 0 0 0 0 0 0 0 0 -0 0 -0 -0 0 -0 0 0 -0 0 -0 -0 0 -0 -0 -0 -0 -0 -0
0 0 0 0 0 0 0 0 -0 0 -0 0 0 -0 0 -0 0 -0 -0 -0 0 0 0 0 0 0 0 -0 0 0 0 0 0
0 0 0 0 0 -0 0 0 0 0 0 0 -0 -0 -0 0 -0 0 0 -0 0 0 0 0 -0 -0 0 -0 0 0 0 0 0
-0.60239521910453442 -15.918054619115455 13.890946897684321 -3.9294335760477526 -2.9364376474127383 15.558529853427668 7.999904127996964 1.0192909580403708 0.74534456078092792 -15.140199840160632 6.5063464577727048 -0.13864651868278965 -4.9310351506699739 22.062963945425441 10.243109181995754 -6.3992539743763439 1.0202471409278384 2.9106207094511154 -8.3135321150863088 8.5774385920273417 -15.668490885486435 -1.0972198633689734 8.9589555641268817 3.1424950596619876 -0.59809239611093057 0.23569908176074245 3.8596322252626236 -1.346305505554261 -0.69132022763901335 6.322281251935209 1.6269451830259765 -3.371978952654191 -2.0557932080551571
-0.00015618450627382987 8.7219919087982905e-05 0.00041784426353777857 -0.0099728202057964947 0.013615096981974511 -3.651066380427192e-05 -0.00044488919968909112 2.9749429766443786e-05 -8.1134808453937584e-05 0.00012034996587334075 -0.00046179228478366148 -0.00016970697434948615 -0.00090668148447275261 -0.0001832294424251424 -0.0097889146399675695 -0.020316832160269756 -0.001766710454084491 -0.0054657815961802626 0.0031845412318170507 0.0041243527630751608 -0.0012481238033830732 0.025983422407373512 -0.0007065489569530398 -0.0038566078951771669 0.0025516897258763376 0.018163379119221494 -0.00079376887604102285 0.00050506418262576147 0.003397520104008637 0.0010135089822704371 0.02506457070163267 0.0062183069445905332 -3.9215157419403172e-05
-0.00068953400413405486 -6.0935563156032751e-05 0.00022877562307703527 0.00051741776434245353 0.00045648220118642085 3.6347528900089716e-05 0.0015543913829626603 -0.0039789853695921746 -0.035280622022375314 0.00022129230830348736 0.0058808163670409858 -0.0011716732845440685 -0.0051549348340068409 0.0020867757768522092 0.0063693699172568978 -0.00072588153303414454 -0.040757339391644713 0.015012598480704702 -0.025471065399221691 0.014146672056908447 0.01268208045122836 0.0026629910144153968 0.010050091740874805 -0.00050779635963360634 0.0050875850010449102 0.0017746146462984979 -0.026719709921436539 0.024604069930457786 0.00051955585427775292 0.016881289084156374 -0.019088866942352997 0.044004028958396849 -0.008886970816071935
0 0 0 0 0 0 0 0 0 -0 0 -0 -0 0 0 0 -0 0 -0 0 0 0 -0 -0 -0 0 0 0 -0 0 0 -0 -0
0 0 0 0 0 0 0 0 -0 0 0 0 0 0 0 0 0 0 -0 0 0 0 -0 0 -0 -0 0 0 0 -0 -0 -0 -0
0 0 0 0 0 0 0 -0 0 0 -0 0 0 0 -0 0 0 -0 0 0 0 0 0 0 -0 0 0 -0 0 0 0 0 0
5.4005209484165242 -14.605215514622556 11.770133253281374 -7.2421291896789581 -5.5520759360801257 11.463676637848035 -4.700116983346569 13.26847183794297 -0.10804866628382918 -10.811081817151457 5.9326367252921965 3.079865080532866 -1.965433925189477 2.8188271522542339 -9.7731452928054701 5.6180525553153844 0.34422583948830537 0.8801663479138474 7.666674391714535 -6.6775031946293897 16.148494694995126 2.1796188919822002 -18.955847652599751 -1.6900532535988326 -2.4836850501968701 -0.19888604059324308 -2.2695000834041466 1.6345946461257166 1.4658283664877003 -16.811607527453848 -1.8741184594363292 3.3332535457117571 7.5002985692951869
-0.00015686062967761269 9.3981153125811042e-05 0.00041040690609616765 -0.0099667350951624517 0.013625914956435035 -7.8430314838806345e-05 -0.00039891280823185982 -0.00016226961690787517 -4.5300268053448494e-05 9.127665951067979e-05 -8.7896042491765718e-06 -0.0004854566039160599 -0.00024272830195802995 0.0024178172919273404 -0.0084400484494208585 -0.0121560226766112 -0.0052047979623200966 -0.016140417895103319 -0.0056442781747789248 -0.0072838774289522481 -0.0042933836140208641 0.026111209730688464 0.00014198591479439078 -0.0032000920701040548 0.0016281051563090145 -0.0017484551221823553 -0.00062338577828775386 0.00039079932738646608 -0.016630607362845856 -0.0013448094501240157 0.014432530177147932 0.0067199905101973812 0.0020669092453640603
-0.00066708405981341125 -0.0002394660727535322 0.0002448112975917807 0.00020632567875639163 0.00022343039823878675 0.0007002244538105519 0.0010027641796554162 -0.0017414742523013571 -0.034482045431540993 -0.0055750695062931725 -0.0048694998276443717 0.0026918552285419384 -0.018670870360001965 -0.0013277538498209242 0.0065500385167896963 -0.00045006793138052269 -0.031845780541316836 0.010676552091917528 -0.0023486917939263855 -0.00014218298069740976 0.00096320951585237755 -0.0035289174382116513 -0.0049710590995710935 -0.025311777699041887 0.017442537692172463 -0.0022097159481319247 -0.042154581164362874 0.00014539011560035886 0.0026736814640918936 -0.0071797060027353676 0.00091296440237284169 -0.0021402280252346942 0.021764686496380189
0 0 0 0 0 0 0 0 0 0 0 0 0 0 0 0 0 0 0 0 0 0 -0 -0 -0 0 0 0 -0 -0 -0 -0 -0
0 0 0 0 0 0 0 0 0 0 0 0 0 0 0 0 0 0 0 0 0 0 0 0 -0 0 0 0 0 0 0 0 0
0 0 0 0 0 0 0 0 0 0 0 0 0 0 0 0 -0 -0 -0 0 0 0 -0 0 0 -0 -0 0 0 -0 -0 -0 -0
10.866062333180841 -11.765830430287771 9.6091599276047912 -8.2040491744712778 -6.33518972091602 3.7597111135222687 -11.135227816002946 11.487581210034724 -0.82662010621566662 2.2245594876931736 0.33466401061363021 2.1691008802200575 3.5354862264111366 -16.352639741469442 -9.1898737314502856 5.368010730242629 -1.8224845835130834 -1.9185809637035687 1.8602538075680504 -3.0631318800021843 4.7288024699705948 0.060239521910453446 12.304639487375715 0.23330862454207363 2.6232877517671271 0.44271267689745936 -0.54980516029382109 0.49673701003937398 -1.7187387402228582 20.337053833546573 -0.11378576360863428 1.2353882906080291 -15.807615495612957
-0.00015618450627382987 9.9390140356073547e-05 0.00040364567205833948 -0.0099640306015473194 0.013649579275567435 -0.0001068274977976845 -0.00034009007210275506 -0.0002812673359736503 2.2312072324832839e-05 6.7612340378281334e-06 0.00048613272731984277 -0.00059566471873265855 0.00059904533575157258 0.0036402484059666665 -0.0022805642409594292 0.0024637936833845717 -0.0062203353148018821 -0.018896296888922064 -0.01087476882644277 -0.01385985365414389 -0.0053596302217863608 0.017301997902802194 0.0016057930839841815 -0.006415734978495115 -0.006034401378761608 -0.014298657743198936 -0.00019134292327053617 -0.00043948021245882859 -0.012514368080616092 -0.0023481765813377102 -0.011287880226154066 -0.00016159349350409238 -0.00053346136558463965
-0.00056766287782198928 -0.00040089186286863652 0.00022984466804468496 -1.9242809417694555e-05 3.9554663803038803e-05 0.00092044771714638949 0.00034637056951850194 -0.00015180438540625705 -0.030017713646635854 -0.0079355207948637041 -0.015234959833975839 0.011077443954786166 -0.024926921510687997 -0.0058123974891114054 0.0044258461660697471 0.00014004489076211037 -0.020369582813597336 0.0053142225341866458 0.014373309590050181 -0.01155637610029323 -0.0083064793986381506 -0.0050736874164654649 -0.0050458922473065717 -0.024872400217337862 0.015919148613271643 -0.0047422834764940577 -0.0028041049501451565 -0.028835349912415292 0.00039127045815978928 -0.0030841947316693772 0.015756653778188891 -0.031436336318707001 -0.0076201525294070432
0 0 0 0 0 0 0 0 0 0 0 0 0 -0 -0 -0 -0 -0 -0 -0 -0 -0 -0 -0 -0 0 0 0 -0 0 0 -0 -0
0 0 0 0 0 0 0 0 0 0 0 0 0 -0 -0 -0 -0 -0 -0 -0 -0 -0 -0 -0 -0 0 0 0 0 0 0 -0 -0
0 0 0 0 0 0 0 0 0 0 0 0 0 0 0 0 0 0 0 0 0 0 0 0 0 0 0 0 0 0 -0 0 0
15.15119594336651 -7.6461164596339826 7.7670735948986236 -7.2937630656022039 -5.6333514815148646 -4.1335786225220668 -11.369014531988753 2.5826499790497577 -0.91793557196881426 10.871799430505645 -4.6633039421790707 -1.8047952000949343 4.5007528513095929 -12.780818565334538 6.6220445871562745 -3.2792292125698426 -1.5853512274211399 -1.9745176626204184 -6.9337602084706838 6.5068245492164394 -12.373484655273376 -1.650371663768931 9.7047782163515421 0.80701835702258251 1.0474983532206625 -0.015298926199480241 0.2509980079602227 -1.4065450274647144 0.69849159929501969 -5.093108150095718 2.2255156705806409 -5.3704011874612974 17.479979365793639
-0.00015550838287004706 0.00010074238716363918 0.00040161730184699109 -0.0099701157121813658 0.013673919718103616 -0.00011088423822038137 -0.0003103406423363113 -0.0002812673359736503 7.7754191435023528e-05 -8.2487055261503217e-05 0.00073224164629678672 -0.00044691756990043963 0.0012143176331939327 0.0028877230575563954 0.0057031009109080296 0.016674555384091742 -0.0038451137973128588 -0.012195913957434386 -0.011397412217566884 -0.014727319981197239 -0.0046814784477921985 0.006138524382944161 0.002104772155975898 -0.009517789155050662 -0.013238496246067485 -0.011084367081615441 0.00013860529777547673 2.7721059555095343e-05 0.0047254264690380814 -0.00019607578709701583 -0.017004503605137753 -0.0067882789739794457 -0.0019472354028945021
-0.00039982281790098683 -0.00052490107911600155 0.00017104719482395161 -0.00019349713914459525 -0.00011224972160321823 0.00080819799554317131 -0.00020739472372404132 0.000717329173292947 -0.022028740603389666 -0.0084336957497884637 -0.024288701665001126 0.019902410162734419 -0.024908747746237952 -0.0082113343965173266 0.0037780049156740311 -0.00020311854385344252 -0.0094332527945409309 0.00052810821401895057 0.018848331824631817 -0.013116112708094138 -0.014454557007591559 -0.0030638828772840332 -0.00029933259094191527 -0.0088538304220747953 0.0047636643758470522 -0.0015212509889655195 0.038276086021729772 -0.02010018348174961 -0.0015714961024450552 0.0015640127876715075 0.0046182742602466935 -0.0056445574291904025 -0.015463735457052874
0 0 0 0 0 0 0 0 0 0 0 0 0 -0 -0 -0 -0 -0 -0 -0 -0 -0 -0 -0 -0 -0 -0 -0 -0 -0 -0 -0 -0
0 0 0 0 0 0 0 0 0 0 0 0 0 -0 -0 -0 -0 -0 -0 -0 -0 -0 -0 -0 -0 -0 -0 -0 -0 -0 -0 -0 -0
0 0 0 0 0 0 0 0 0 0 0 0 0 0 0 0 0 0 0 0 0 0 0 0 0 0 0 0 0 0 0 0 0
17.723806002097856 -2.6601007929346268 6.6230007700437419 -4.9492026255318571 -3.8094326236705793 -9.7057343992390095 -6.8367076453927309 -6.6574233539925736 -0.4838285410585626 10.635144165857435 -5.6806825344445055 -4.3778833502700172 0.42502329347931039 5.6252239269713904 13.628474695074489 -7.3401379356443783 0.66359092390245533 0.18358711439376288 -2.897712240470304 3.0698251602144566 -5.0510361030471476 -0.29211387212132583 -12.558506043998342 -0.92701930939975574 -1.6685391386308135 -0.76638058430521316 -0.34709438815070792 -0.55362989184369116 0.82662010621566662 -13.967919620125457 -1.3941146499276367 3.1979536671351041 -4.4118278427751143
-0.00015483225946626424 9.7361770144725111e-05 0.00040567404226968799 -0.0099836381802570224 0.013686089939371706 -9.4657276529593859e-05 -0.00032927209764223005 -0.00018120107221379397 9.5333399933376675e-05 -0.00014333816160195641 0.00058822736129104751 -8.6543795684200102e-05 0.0013116794033386579 0.00050912092304845836 0.011308840051671334 0.023654177281341723 0.0012467715565755077 0.0013745588798904594 -0.0088869660193212976 -0.01191126600444182 -0.0033846737593367631 -0.0012278401012695889 0.0010851780630714153 -0.0086138121641930413 -0.013579938564977804 0.002799150891660847 0.00046720127201392401 0.0012704358757079062 0.015740828963467676 0.0020946303049191556 -0.0011500859098345655 -0.0046835068180035473 0.00024543279557316124
-0.00018066859953279888 -0.00059438900201323178 7.3764102767829125e-05 -0.00030895399565076257 -0.0002202232633358377 0.00046182742602466931 -0.00056124860801609123 0.00095145002120823076 -0.011283769633542558 -0.0077131594415925679 -0.030773528438764193 0.02717939925752591 -0.020122633426070256 -0.0063939579515128412 0.004720902577141064 -0.0011599137898999218 -0.00063608175575157009 -0.0027196503977008303 0.013966003457375649 -0.0076800190475954265 -0.013126803157770634 0.00095572620107882953 0.0006906030491017045 0.011040027380918426 -0.0088185519381423546 0.0043007679048547333 0.036996439195453076 0.01664823728120874 -0.0023636584234734814 0.00048962259518356139 -0.012532414155757404 0.025600419840307306 0.0079355207948637041
0 0 0 0 0 0 0 0 0 0 0 0 0 0 0 0 0 0 0 0 0 0 0 0 0 0 0 0 0 0 0 0 0
0 0 0 0 0 0 0 0 0 0 0 0 0 -0 -0 -0 -0 -0 -0 -0 -0 -0 -0 -0 -0 -0 -0 -0 -0 -0 -0 -0 -0
0 0 0 0 0 0 0 0 0 0 0 0 0 0 0 0 0 0 0 0 0 0 0 0 0 0 0 0 0 0 0 0 0
18.251618955979925 2.6395428608540752 6.4269832781129015 -1.75459559850289 -1.3515645114353323 -11.460329997741901 0.21609733256765837 -11.300647455534826 0.13577797002038713 2.7844045683054035 -2.2188223903683686 -2.8369946271161166 -4.272703232648591 16.718379695925766 2.3053569416841784 -1.7569860557215586 1.5772236728776658 2.0333229101996704 5.446417727014965 -6.2916833995362476 9.6617499864155043 0.97721891099180025 -8.3986323920709172 -1.1182558868932588 -0.69801350785128591 -0.55697653194982744 0.74821310944333042 0.69227641052648081 -1.1531565622858229 11.057777002118076 -1.1627183911604981 2.2322089507929137 -12.928070730004535
-0.00015415613606248142 8.9924412703114171e-05 0.00041311139971129891 -0.0099985128951402442 0.013680004828737661 -6.8964587185846955e-05 -0.00038674258696376923 -5.0033131879928182e-05 7.3697451012326643e-05 -0.00017849657859866271 0.00013725305096791109 0.00035361254017841133 0.00084042139090203692 -0.0023062569303031761 0.011389974860125272 0.020088978573194947 0.0068592719313766409 0.015965301933523569 -0.0062521131147796737 -0.0088653300704002475 -0.0024482428450975668 -0.0025550703428952513 -0.00095333399933376667 -0.0029756191000481613 -0.0057909969533997963 0.014824005627938182 0.00011426485523929546 0.0013644170288337172 0.01018985581841078 0.0014387906032498267 0.013905830045601119 0.0041791187587815687 0.0013542751777769748
6.2004608123682458e-05 -0.00059545804698088152 -3.8485618835389109e-05 -0.00035171579435675047 -0.00027260646675067289 7.4833147735478814e-06 -0.00065425552020161482 0.0007590219270312852 0.00091189535740519184 -0.0062998819943596678 -0.033347788720864663 0.031855401946025687 -0.012529207020854454 -0.0010658378327467483 0.0047850452752000458 -0.0014784891902595316 0.0040452661575864548 -0.0038229048043153181 0.0044215699861991486 -0.00081247417541377008 -0.0035267793482763516 0.0046257575750202409 -0.00032605871513315777 0.024294046889839375 -0.01667923958527058 0.0059460281100676173 -0.0023625893785058317 0.038314571640565155 -0.0027260646675067285 -0.0012785777813090382 -0.010727866250364714 0.013942484468087355 0.0081161893943965027
0 0 0 0 0 0 0 0 0 0 0 0 0 -0 -0 -0 -0 -0 -0 -0 -0 -0 -0 -0 -0 -0 -0 -0 -0 -0 -0 -0 -0
0 0 0 0 0 0 0 0 0 0 0 0 0 0 0 0 0 0 0 0 0 0 0 0 0 0 0 0 0 0 0 0 0
0 0 0 0 0 0 0 0 0 0 0 0 0 0 0 0 0 0 0 0 0 0 0 0 0 0 0 0 0 0 0 0 0
16.666745820002518 7.6298613505470358 7.2086627886175947 1.5557095579096467 1.1545908366170243 -9.1057296373531447 7.0819685560281496 -9.3141775068210624 0.55936698916849625 -7.0967893907838953 2.9933305292170553 1.4070231189084483 -4.7708745170191662 8.6577579545746133 -12.830540075482849 6.396385425713941 0.25673510528502774 1.890373568523277 4.6996388919028362 -4.8272893073797496 6.3433172754594933 0.083666002653407553 12.356273363298962 0.4991274672580428 1.354433060097735 1.0876580344942981 1.2559462226885809 0.3896445266430123 0.002868548662402545 8.8198309540003574 2.0438409219618134 -4.141706177065541 13.933975127620361
-0.00015415613606248142 8.383930206906885e-05 0.00041987263374912708 -0.010005950252581854 0.013661073373431743 -4.8680885072362556e-05 -0.00044488919968909112 3.9891280823185982e-05 4.3271897842100051e-05 -0.00021095050198023774 -0.0003563170337935426 0.0007085773271643883 3.5834540400489104e-05 -0.0041358468609394693 0.0057091860215420752 0.0079823129050598934 0.010241241197098272 0.0249374595017215 -0.0055110818642337108 -0.008114156968797543 -0.0019729280922382493 -0.0010959960375319401 -0.0028221390873894624 0.0049715353880150255 0.0059079663022542223 0.015118795431987488 -0.0012711119991116889 -0.00061730066765370846 -0.0061946426254581351 -0.000481399863493363 0.012231072374431093 0.0078741331604546428 -0.00035969765081245668
0.00029612545603896619 -0.00052597012408365118 -0.00014111393572976006 -0.00031109208558606196 -0.00025977792713887646 -0.00041906562731868142 -0.00046503456092761839 0.00043082512196282804 0.012948272648173137 -0.0046257575750202409 -0.031242839179562411 0.033404448104150102 -0.0039843305944304219 0.0045231292581258704 0.0024769771900443492 -0.00058583664227203423 0.0029740831000014587 -0.0025742602821004715 -0.0069199280755964914 0.0043435297035607206 0.008264786644899812 0.0052885654549630536 0.0014154155371681994 0.023362908723016489 -0.014556116279518281 0.00032071349029490925 -0.036402050193439846 0.016927258017765311 -0.00027367551171832258 0.0017190243079807136 0.005680904958090492 -0.021216266427975895 0.0023016538153497988
0 0 0 0 0 0 0 0 0 0 0 0 0 0 0 0 0 0 0 0 0 0 0 0 0 0 0 0 0 0 0 0 0
0 0 0 0 0 0 0 0 0 0 0 0 0 0 0 0 0 0 0 0 0 0 0 0 0 0 0 0 0 0 0 0 0
0 0 0 0 0 0 0 0 0 0 0 0 0 0 0 0 0 0 0 0 0 0 0 0 0 0 0 0 0 0 0 0 0
13.177156372189822 11.718977468801864 8.7705875352957801 4.2177227166192086 3.1185904874752999 -3.5220996659865911 11.171084674282977 -1.8922859342982119 0.52064158222606194 -12.180335712004938 5.8513611798574576 4.339636034771317 -0.45609923732200464 -8.297755097443094 -12.061769033958967 6.7855518609132197 -0.89307481689465884 -0.0090837374309413917 -2.9273539099817971 5.630004841408728 -8.2939303658932246 -0.59283339022985926 9.0995144485846051 1.1407261847487453 0.76446821853027824 1.6589773097561384 -0.69418877630141584 -0.016255109086947755 1.1445509162986154 -15.085219324131248 -0.4584896945406734 1.3931584670401691 3.2773168467949074
-0.00015415613606248142 8.0458685050154781e-05 0.00042325325076804111 -0.010000541265351591 0.013639437424510691 -4.1919651034534425e-05 -0.00046449677839879275 5.2061502091276618e-05 3.5158416996706287e-05 -0.00025692689343746907 -0.0006024259527704866 0.00084447813132473371 -0.00068558913143577265 -0.0041730336481475231 -0.0028491840235407751 -0.0065063355146020123 0.0094887158486880018 0.024059851323611409 -0.0066544065400304482 -0.009395410818965973 -0.001643655994596019 -0.0022440535771551572 -0.0032791985083466444 0.010579979022393462 0.013842274445645536 0.003397520104008637 -0.0019499398965096336 -0.0029282904617833642 -0.015925410652700384 -0.0011629322545064389 -0.0032251086360440191 0.0005185866507014178 -0.0010277075737498763
0.00049282973008651053 -0.00039554663803038811 -0.00020846376869169099 -0.00019456618411224495 -0.00018708286933869707 -0.00069915540884290216 -4.9176068511886084e-05 0.00025550174726827774 0.023279523215539812 -0.002869316693171788 -0.024766564765540539 0.03166831907668699 0.0038667356479889559 0.0071487036986735272 -0.00084347647947561125 0.0010391117085555058 -0.0037919025002534773 0.00078574805122252759 -0.0167829369471326 0.0083535173772147364 0.014646985101768505 0.00261488399087116 0.0040837517764218444 0.0081846082723260848 -0.0037031717679385516 -0.0059396138402617194 -0.031484443342251242 -0.025288258709753594 0.0045862029112172025 -0.00090975726746989256 0.012258738644039081 -0.021277201991131929 -0.012507826121501461
0 0 0 0 0 0 0 0 0 0 0 0 0 0 0 0 0 0 0 0 0 0 0 0 0 0 0 0 0 0 0 0 0
0 0 0 0 0 0 0 0 0 0 0 0 0 0 0 0 0 0 0 0 0 0 0 0 0 0 0 0 0 0 0 0 0
0 0 0 0 0 0 0 0 0 0 0 0 0 0 0 0 0 0 0 0 0 0 0 0 0 0 0 0 0 0 0 0 0
8.2198261921144926 14.451748161184021 10.73889000914766 5.6008412633409685 4.0609087230745358 3.498673185243637 10.719766351398309 7.13551479772633 -0.014820834755746481 -8.451222450881632 3.9896730979582058 3.2056031302348438 4.3821861732636211 -14.514856231756875 4.8148589298426714 -1.8564290760181803 -0.2313962587671386 -2.1251164673965519 -4.7048978977839067 6.8955128929719836 -8.1003033311810526 0.48191617528362757 -14.0888767553901 0.089881191421946394 -1.7067864541295144 -1.3802499980593579 -1.4959481274429269 0.71474670838196741 -0.86582360460183483 -1.9955536861447036 -1.8961106658480822 2.8513373704281295 -17.824205205281945
-0.00015348001265869861 8.3163178665286033e-05 0.00042122488055669271 -0.0099836381802570224 0.013627943326646384 -4.6652514861014113e-05 -0.0004293383614020864 1.3522468075656266e-06 5.8146612725321939e-05 -0.00029884654447200347 -0.00045232655713070205 0.00070113996972277738 -0.00097226545463968553 -0.0025760301684125187 -0.0098632882143836805 -0.01654203519695031 0.0046537573882371036 0.01366039725002796 -0.0077943505988082706 -0.010083028320613096 -0.0011216887268756873 -0.0096746497847282741 -0.0025915810066995237 0.011146570434763459 0.013277711403486887 -0.010974158966798844 -0.00022041622963319711 -0.0017484551221823553 -0.0084346394621905955 -0.00045976391457231298 -0.014759097781175031 -0.006948520220675972 0.0010412300418255324
0.00062859844097802207 -0.00022343039823878675 -0.00022770657810938555 -2.5657079223592738e-05 -6.8418877929580645e-05 -0.00074833147735478827 0.00046931074079821717 0.00043617034680107662 0.030696557201093416 -0.00090761917753459306 -0.015247788373587636 0.026695121887180595 0.0094824288630528161 0.0063212628937126614 -0.0019178666719635573 0.0018334121195192311 -0.014072907954140618 0.0053911937718574251 -0.020600496526609672 0.010292764948531288 0.013151391192026579 -0.00098352137023772156 0.0013063729504679304 -0.012635042472651774 0.0093605577367407503 -0.0055611719217137263 0.0027720336011156656 -0.041409456821911036 0.0061010396303768236 -0.00058904377717498336 0.00015821865521215521 0.017110064707233408 -0.004191725318154464
0 0 0 0 0 0 0 0 0 0 0 0 0 0 0 0 0 0 0 0 0 0 0 0 0 0 0 0 0 0 0 0 0
0 0 0 0 0 0 0 0 0 0 0 0 0 0 0 0 0 0 0 0 0 0 0 0 0 0 0 0 0 0 0 0 0
0 0 0 0 0 0 0 0 0 0 0 0 0 0 0 0 0 0 0 0 0 0 0 0 0 0 0 0 0 0 0 0 0
2.387110578562651 15.569525956633546 12.645040595314152 5.3182892200943179 3.6755670194251278 9.6019885559487843 5.2733486243833445 12.531732923149251 -0.78120141906095975 2.6806587250151783 -1.4103697590145845 -0.86677978748930229 4.3788395331574845 -3.4561230467513324 16.384193776755868 -8.8690743727049348 0.7429541035622591 -2.3971504988810599 1.8698156364427254 -5.4119951430661342 8.2313003867641026 0.68462694742674068 -8.679272069542634 -0.1845432972812304 -1.474434012474908 -2.7676713677747218 0.2419142705292813 -0.54741470307515228 -0.66311283245872166 18.758873977781441 3.1233714019126375 -6.0010038017461236 15.764587265676917
-0.00015348001265869861 8.9248289299331354e-05 0.00041581589332643018 -0.009962678354739754 0.013630647820261516 -5.6118242513973503e-05 -0.00035834540400489105 -6.9640710589629771e-05 8.9248289299331354e-05 -0.0002893808168190441 -1.3522468075656266e-06 0.00031236901254765975 -0.00074305962075731178 -0.00016835472754192052 -0.011754405374764208 -0.017858447464115447 -0.0021223513644742509 -0.0015462942244512941 -0.0064008602636118931 -0.0073636599905986195 -0.00012237833608468921 -0.020847589032239263 -0.0017673865774882739 0.007050614854647177 0.005118254166635897 -0.016048465112188853 0.0022920583388237369 0.0031115199042085068 0.0098139312059075355 9.127665951067979e-05 -0.0090411221553837792 -0.0048417196944887256 0.0013468378203353641
0.00069167209406935425 -3.4209438964790323e-05 -0.00019029000424164615 0.00016570196998570309 7.5902192703128526e-05 -0.00052597012408365118 0.00093541434669348542 0.0010262831689437095 0.034442490767737956 0.0015426318883185134 -0.0043061131296929815 0.01887078176895246 0.011157622327359893 0.0038891855923095997 0.00068525782426345609 0.00091510249230814108 -0.025149282863959132 0.0099431872441098357 -0.013366269230524168 0.0071027347650645901 0.0065329337973073012 -0.0030724352370252307 -0.0055953813606785165 -0.026968797398898917 0.017597549212481672 0.0012411612074412989 0.027909556970430655 -0.0092611365547493295 0.00016249483508275404 0.0027078909030566834 -0.010380426635878563 0.029621097963637818 0.0063062962641655656
0 0 0 0 0 0 0 0 0 0 0 0 0 0 0 0 0 0 0 0 0 0 0 0 0 0 0 0 0 0 0 0 0
0 0 0 0 0 0 0 0 0 0 0 0 0 0 0 0 0 0 0 0 0 0 0 0 0 0 0 0 0 0 0 0 0
0 0 0 0 0 0 0 0 0 0 0 0 0 0 0 0 0 0 0 0 0 0 0 0 0 0 0 0 0 0 0 0 0
-3.6511843557947055 15.007290418802647 13.999951746855618 3.2060812216785775 1.8229626749568171 12.208065015741498 -4.2048142476383967 9.2434199731484679 -1.1899696034533223 14.048238982672729 -6.3304088064786823 -3.710945786261425 -1.6173833541513014 10.694905596324155 3.4422583948830536 -2.6113354656737835 0.46996388919028359 0.49864937581430901 3.5015417339060395 -8.4215807813701371 9.3050937693901208 -0.95952952757365129 22.451652289180984 0.60765422498560573 3.0239283816160158 3.4661629670697414 0.68223649020807187 -2.6701407132530353 1.7775439878021102 -17.254798295795041 -2.6022517282428419 6.4585373133993293 -5.8427555338702497
-0.00015348001265869861 9.5333399933376675e-05 0.00041040690609616765 -0.009949832010067881 0.013644846411740954 -6.4231723359367267e-05 -0.00029411368064552376 -0.00012373058289225482 0.00010074238716363918 -0.00018999067646297053 0.00046720127201392401 -0.00018255331902135958 -0.000184581689232708 0.002078403343228368 -0.0075806956032129025 -0.010383227111892664 -0.0076462795733798347 -0.014850374440685711 -0.0011642845013140044 -0.00036104989762002232 0.0015848332584669142 -0.029063840635008012 -0.00167272930095868 0.0027497938831847015 -0.0032298414998704989 -0.0056192616088389614 0.0020513584070770553 0.0060756449063923594 0.017879407289632714 0.00038065747632972383 0.01173547391945829 0.0043711378054558875 -0.0011115468758189451
0.00067563641955460879 0.00015180438540625705 -9.8352137023772167e-05 0.00036561337893619653 0.00023732798281823287 -1.9242809417694555e-05 0.0012005374986706102 0.0019093143122223598 0.034161331941246084 0.0048759140974502704 0.0067467427908372403 0.0092023390815285967 0.0071775679128000692 0.0016741244193394264 0.0051923514078745809 -0.0013544799740121667 -0.0346178141424325 0.013264709958597446 0.0050031304486005844 -0.0039725710997862759 -0.002434215391338361 -0.002688648093638989 -0.0054275413007575145 -0.023510436928552148 0.014978389041739914 0.0065692813262073907 0.019279156946594645 0.036474745251240025 -0.0083759673215353797 0.0053879866369544753 0.00027260646675067289 -0.014936696288001575 0.023776629125496922
0 0 0 0 0 0 0 0 0 0 0 0 0 0 0 0 0 0 0 0 0 0 0 0 0 0 0 0 0 0 0 0 0
0 0 0 0 0 0 0 0 0 0 0 0 0 0 0 0 0 0 0 0 0 0 0 0 0 0 0 0 0 0 0 0 0
0 0 0 0 0 0 0 0 0 0 0 0 0 0 0 0 0 0 0 0 0 0 0 0 0 0 0 0 0 0 0 0 0
-9.2156906694119076 12.874524488306353 14.359476512543406 -0.85673986717089334 -1.5791360386526008 8.8222214112190258 -15.15167403481024 -5.0983671559767894 -0.35665621702538303 12.437548908733699 -5.5386893756555802 -1.7961895541077268 -6.2395714321692681 7.9740871900353403 -20.456576694480013 11.526306616977159 0.16541963953188007 3.6617023675568485 -5.1237060024946786 11.799774922792867 -13.169985000533817 -0.24526091063541758 -13.676283839447866 -2.5912556250369652 -0.53641859986927587 -0.9279754922872232 0.55458607473115862 3.8691940541372993 -1.4557884461692916 7.0026053763683453 1.2760260633253986 -4.1388376284031381 0.29928524377733218
-0.00015415613606248142 9.8714016952290731e-05 0.00040567404226968799 -0.0099505081334716628 0.013661073373431743 -7.0316833993412574e-05 -0.00027788671895473627 -0.00014942327223600174 8.0458685050154781e-05 -8.7896042491765718e-06 0.00065313520805419768 -0.00057943775704187095 0.00041108302949995052 0.0033441063551097943 0.00056321079535108347 0.002060148011326232 -0.0092486920403451016 -0.020539952883518085 0.0065759762251916421 0.0091012971383204501 0.0035476194996484213 -0.026418845879409646 -0.0019438547858755882 0.0024299875131954308 -0.0041006884439427627 0.014345986381463732 -0.0014293248755968672 0.00034685130614058322 0.00081405257815450724 0.00018187719561757679 0.01953252901188169 0.0085414669599882791 -0.0025767062918163014
0.00058369855233673473 0.00031750635539196017 3.8485618835389109e-05 0.00059438900201323178 0.00041799658235103172 0.00074619338741948888 0.0010604926079084999 0.0025892269116475669 0.029847735496779555 0.0099592229186245829 0.017112202797168706 0.00032605871513315777 -0.00473266207178521 -0.00070129349877820154 0.0068525782426345615 -0.0026074006760976121 -0.039242502672485094 0.014520837795585842 0.025929685690343412 -0.016920843747959411 -0.015190059945334551 0.00084026934457266233 0.0082305772059350218 0.0040324376179746583 -0.00021808517340053831 0.0048630855578384738 -0.0093669720065466498 0.033330684001382269 -0.0067606403754166874 -0.015863558274953862 0.0070150730777173145 -0.032139767907420506 -0.035245343538442872
0 0 0 0 0 0 0 0 0 0 0 0 0 0 0 0 0 0 0 0 0 0 0 0 0 0 0 0 0 0 0 0 0
0 0 0 0 0 0 0 0 0 0 0 0 0 0 0 0 0 0 0 0 0 0 0 0 0 0 0 0 0 0 0 0 0
0 0 0 0 0 0 0 0 0 0 0 0 0 0 0 0 0 0 0 0 0 0 0 0 0 0 0 0 0 0 0 0 0
-13.682977119660139 9.4633420372659955 13.378910961445468 -7.6078691441352824 -6.9729637068568531 -2.6624912501532956 -20.738172554839196 -22.656753518542764 2.4095808764181377 -20.172112285458429 6.1453874177537182 2.3206558678836586 6.664116634204845 -8.3474766075914051 9.4767285976905402 -5.2867351848078901 -2.083044420347981 -1.4949919445554596 3.6186741376208098 -5.1595628607747104 4.0561278086371981 0.49960555870177653 3.0138884612976069 1.9907727717073662 -0.73626082334998655 -0.2180096983425934 -0.75968730409294072 -1.8028828343199994 0.55123943462502234 -1.1746706772538422 -0.33992301649470158 1.4118040333457857 0.36573995445632446
-0.00015483225946626424 9.7361770144725111e-05 0.00040432179546212235 -0.009962678354739754 0.01366783460746957 -7.5049697819892276e-05 -0.00032115861679683631 -0.00014604265521708768 2.9749429766443786e-05 0.00021500724240293464 0.000427309991190738 -0.00066530542932228826 0.00077145680371618996 0.0031602007892808691 0.0085766253769849858 0.013509621730984391 -0.0060715881659696635 -0.016227637814191301 0.013467025956546074 0.017273600719843313 0.004755175898804526 -0.0098619359675761135 -0.0019418264156642396 0.0081006345007218865 0.0069113334334679173 0.024115969566125384 -0.0033988723508162023 -0.012291247357367764 -0.033101649602398975 0.0007586104590443165 -0.023098403843432248 -0.0078856272583189505 0.0035036714784025384
0.00042654894209222927 0.00043830843673637601 0.00020953281365934071 0.0010006260897201169 0.00069274113903700389 0.0017158171730777643 -0.00017746146462984977 0.0013908275029122564 0.021852348183727468 0.018756393957413943 0.026861892902133949 -0.00051741776434245353 -0.028693166931717883 -0.0064281673904776314 0.00056552478788669 0.00097283092056122474 -0.029154994357742551 0.010656240237532186 0.027698955111803661 -0.013471035637353839 -0.025791778889516601 0.007791199724230995 -0.0071882583624765656 0.04120740732302524 -0.027144120773593471 -0.010176239047057469 -0.016817146386097392 -0.041079121926907276 0.010717175800688218 0.011357533736310385 -0.0044899888641287298 0.028935840139374364 0.016763694137714908
0 0 0 0 0 0 0 0 0 0 0 0 0 0 0 0 0 0 0 0 0 0 0 0 0 0 0 0 0 0 0 0 0
0 0 0 0 0 0 0 0 0 0 0 0 0 0 0 0 0 0 0 0 0 0 0 0 0 0 0 0 0 0 0 0 0
0 0 0 0 0 0 0 0 0 0 0 0 0 0 0 0 0 0 0 0 0 0 0 0 0 0 0 0 0 0 0 0 0
-16.579733177242975 5.3990866740853232 10.586378838596591 -23.76544757656135 -17.427867398426663 -22.1671878801594 18.391699748993915 11.677383513197025 -0.35904667424405184 4.6508735646419925 0.5526737089562237 0.5464585201876847 -2.9813782431237117 0.84574376396501705 -0.54932706885008731 0.3968158982990187 0.85148086128982203 -0.18167474861882785 -0.99586447729741689 0.73434845757505152 0.12286950103957565 -0.077928905328602457 -0.10757057484009543 -0.36000285713151936 0.20701359513671697 0.076972722441134955 0.16494154808814632 0.26199411116609905 -0.078406996772336215 0.03872540694243435 0.033944492505096784 -0.1845432972812304 -0.065498527791524763
-0.00015550838287004706 9.127665951067979e-05 0.00040635016567347075 -0.0099275199377430456 0.013617125352185859 -9.262890631824541e-05 -0.00046179228478366148 -8.383930206906885e-05 -7.5049697819892276e-05 0.00042663386778695513 6.9640710589629771e-05 0.00011764547225820951 0.00058552286767591625 0.0019316845646074976 0.013210099063108606 0.01951765429699847 0.001556436075508036 -0.00343673526142804 0.017205988379465031 0.020339144232594586 0.0046652514861014122 0.01686657443076606 0.00037524848909946141 0.017353383281489686 0.035090804656328009 -0.027456019180812481 0.0041831754992042655 0.0067720520122886577 0.01760895792811959 -0.0012190504970204124 0.0051155496730207655 0.00093507866743163079 -0.00067882789739794459
0.00022770657810938555 0.00046503456092761839 0.00044579175150992386 0.0026490934298359502 0.001445348796262391 0.0025218770786856362 -0.0076019787649569993 -0.0089286635698102735 0.011704973350796538 0.020846376869169101 0.044364297112494795 0.028188577706987225 -0.068812286477675733 -0.017492782805651998 0.015010460390769403 -0.005258632195868862 0.02541547506090391 -0.015530016245047157 -0.026534765142033141 0.010475571637999385 0.023851462273232402 -0.001597153181668648 0.0032092729928843919 -0.01145054064849591 0.007709952306689619 0.002976221189936758 0.0057108382171846845 0.0085085288975239419 -0.0024278011215324632 -0.0022952395455439006 0.00071839821826059675 -0.0058850925469115852 -0.0025240151686209355
0 0 0 0 0 0 0 0 0 0 0 0 0 0 0 0 0 0 0 0 0 0 0 0 0 0 0 0 0 0 0 0 0
