96 24
  -0.00000    0.00000    0.00000    0.00000   -0.00000    0.00000    0.00000    0.00000    0.00000   -0.00000   -0.00000   -0.00000   -0.00000   -0.00000   -0.00000    0.00000    0.00000    0.00000    0.00000   -0.00000    0.00000   -0.00000   -0.00000    0.00000
   0.00000    0.00000   -0.00000   -0.00000   -0.00000    0.00000   -0.00000    0.00000    0.00000   -0.00000    0.00000    0.00000    0.00000    0.00000    0.00000   -0.00000    0.00000   -0.00000   -0.00000    0.00000   -0.00000   -0.00000    0.00000   -0.00000
  -0.24157   -0.29968    0.39947    0.48936    0.33911   -0.51715   -0.15124    0.20109    0.01566   -0.04742   -0.01185   -0.04273   -0.03996    0.01688    0.00018    0.00214   -0.00957    0.00581   -0.01740    0.01160    0.00288    0.00198    0.00129    0.00683
  -0.00226    0.00120    0.00613   -0.14619    0.20011    0.00031   -0.00610    0.00298   -0.00002    0.00188   -0.00691    0.00677   -0.01521   -0.05644    0.03098   -0.06513    0.08811    0.30882    0.26784    0.36574    0.13331   -0.06073    0.16023   -0.29610
  -0.00480    0.00176    0.00455    0.03185    0.02032   -0.05669   -0.06010    0.01784   -0.26820    0.23266    0.37516    0.62382    0.39189    0.20533   -0.01249   -0.03652    0.16305   -0.02386    0.19303   -0.08183   -0.20368   -0.04149   -0.00030   -0.09862
   0.00000   -0.00000    0.00000    0.00000   -0.00000    0.00000    0.00000   -0.00000    0.00000    0.00000    0.00000   -0.00000    0.00000    0.00000   -0.00000   -0.00000   -0.00000   -0.00000    0.00000    0.00000    0.00000   -0.00000   -0.00000    0.00000
   0.00000   -0.00000   -0.00000    0.00000    0.00000   -0.00000    0.00000    0.00000    0.00000    0.00000   -0.00000    0.00000    0.00000    0.00000    0.00000   -0.00000    0.00000   -0.00000   -0.00000    0.00000   -0.00000   -0.00000   -0.00000    0.00000
   0.00000   -0.00000   -0.00000    0.00000   -0.00000    0.00000    0.00000   -0.00000    0.00000   -0.00000    0.00000    0.00000   -0.00000   -0.00000   -0.00000   -0.00000    0.00000    0.00000    0.00000    0.00000    0.00000    0.00000    0.00000    0.00000
  -0.13524   -0.32791    0.33251    0.06565    0.05108    0.21793    0.46354   -0.51886    0.00158    0.31859   -0.12274    0.01013    0.10713   -0.25478   -0.04404    0.02642    0.02129   -0.04675    0.08487   -0.08044    0.08136   -0.00315   -0.03132   -0.04148
  -0.00230    0.00122    0.00622   -0.14748    0.20141    0.00002   -0.00656    0.00300   -0.00075    0.00137   -0.00931    0.00312   -0.01625   -0.04204   -0.08808   -0.26729    0.03251    0.12416    0.18142    0.24779    0.04279    0.21814    0.02464   -0.14682
  -0.00595    0.00099    0.00220    0.01047    0.00801   -0.01342    0.01101   -0.05526   -0.30877    0.12405    0.16118    0.09600    0.15181    0.01534   -0.03104    0.02806   -0.33837    0.13536   -0.26300    0.12919    0.30668    0.12090   -0.03955    0.37793
   0.00000    0.00000    0.00000    0.00000    0.00000    0.00000    0.00000    0.00000    0.00000    0.00000    0.00000    0.00000    0.00000    0.00000   -0.00000    0.00000   -0.00000   -0.00000    0.00000   -0.00000    0.00000    0.00000   -0.00000    0.00000
   0.00000    0.00000    0.00000    0.00000    0.00000    0.00000    0.00000    0.00000   -0.00000    0.00000   -0.00000    0.00000    0.00000   -0.00000    0.00000   -0.00000    0.00000   -0.00000   -0.00000   -0.00000    0.00000    0.00000    0.00000    0.00000
   0.00000    0.00000    0.00000    0.00000    0.00000   -0.00000    0.00000    0.00000    0.00000    0.00000    0.00000    0.00000   -0.00000   -0.00000   -0.00000    0.00000   -0.00000    0.00000    0.00000   -0.00000    0.00000    0.00000    0.00000    0.00000
  -0.01260   -0.33295    0.29055   -0.08219   -0.06142    0.32543    0.16733    0.02132    0.01559   -0.31668    0.13609   -0.00290   -0.10314    0.46148    0.21425   -0.13385    0.02134    0.06088   -0.17389    0.17941   -0.32773   -0.02295    0.18739    0.06573
  -0.00231    0.00129    0.00618   -0.14750    0.20137   -0.00054   -0.00658    0.00044   -0.00120    0.00178   -0.00683   -0.00251   -0.01341   -0.00271   -0.14478   -0.30049   -0.02613   -0.08084    0.04710    0.06100   -0.01846    0.38430   -0.01045   -0.05704
  -0.00645   -0.00057    0.00214    0.00484    0.00427    0.00034    0.01454   -0.03722   -0.33002    0.00207    0.05501   -0.01096   -0.04822    0.01952    0.05958   -0.00679   -0.38125    0.14043   -0.23826    0.13233    0.11863    0.02491    0.09401   -0.00475
   0.00000    0.00000    0.00000    0.00000    0.00000    0.00000    0.00000    0.00000    0.00000   -0.00000    0.00000   -0.00000   -0.00000    0.00000    0.00000    0.00000   -0.00000    0.00000   -0.00000    0.00000    0.00000    0.00000   -0.00000   -0.00000
   0.00000    0.00000    0.00000    0.00000    0.00000    0.00000    0.00000    0.00000   -0.00000    0.00000    0.00000    0.00000    0.00000    0.00000    0.00000    0.00000    0.00000    0.00000   -0.00000    0.00000    0.00000    0.00000   -0.00000    0.00000
   0.00000    0.00000    0.00000    0.00000    0.00000    0.00000    0.00000   -0.00000    0.00000    0.00000   -0.00000    0.00000    0.00000    0.00000   -0.00000    0.00000    0.00000   -0.00000    0.00000    0.00000    0.00000    0.00000    0.00000    0.00000
   0.11296   -0.30549    0.24619   -0.15148   -0.11613    0.23978   -0.09831    0.27753   -0.00226   -0.22613    0.12409    0.06442   -0.04111    0.05896   -0.20442    0.11751    0.00720    0.01841    0.16036   -0.13967    0.33777    0.04559   -0.39649   -0.03535
  -0.00232    0.00139    0.00607   -0.14741    0.20153   -0.00116   -0.00590   -0.00240   -0.00067    0.00135   -0.00013   -0.00718   -0.00359    0.03576   -0.12483   -0.17979   -0.07698   -0.23872   -0.08348   -0.10773   -0.06350    0.38619    0.00210   -0.04733
  -0.00624   -0.00224    0.00229    0.00193    0.00209    0.00655    0.00938   -0.01629   -0.32255   -0.05215   -0.04555    0.02518   -0.17465   -0.01242    0.06127   -0.00421   -0.29789    0.09987   -0.02197   -0.00133    0.00901   -0.03301   -0.04650   -0.23677
   0.00000    0.00000    0.00000    0.00000    0.00000    0.00000    0.00000    0.00000    0.00000    0.00000    0.00000    0.00000    0.00000    0.00000    0.00000    0.00000    0.00000    0.00000    0.00000    0.00000    0.00000    0.00000   -0.00000   -0.00000
   0.00000    0.00000    0.00000    0.00000    0.00000    0.00000    0.00000    0.00000    0.00000    0.00000    0.00000    0.00000    0.00000    0.00000    0.00000    0.00000    0.00000    0.00000    0.00000    0.00000    0.00000    0.00000    0.00000    0.00000
   0.00000    0.00000    0.00000    0.00000    0.00000    0.00000    0.00000    0.00000    0.00000    0.00000    0.00000    0.00000    0.00000    0.00000    0.00000    0.00000   -0.00000   -0.00000   -0.00000    0.00000    0.00000    0.00000   -0.00000    0.00000
   0.22728   -0.24610    0.20099   -0.17160   -0.13251    0.07864   -0.23291    0.24028   -0.01729    0.04653    0.00700    0.04537    0.07395   -0.34204   -0.19222    0.11228   -0.03812   -0.04013    0.03891   -0.06407    0.09891    0.00126    0.25737    0.00488
  -0.00231    0.00147    0.00597   -0.14737    0.20188   -0.00158   -0.00503   -0.00416    0.00033    0.00010    0.00719   -0.00881    0.00886    0.05384   -0.03373    0.03644   -0.09200   -0.27948   -0.16084   -0.20499   -0.07927    0.25590    0.02375   -0.09489
  -0.00531   -0.00375    0.00215   -0.00018    0.00037    0.00861    0.00324   -0.00142   -0.28079   -0.07423   -0.14251    0.10362   -0.23317   -0.05437    0.04140    0.00131   -0.19054    0.04971    0.13445   -0.10810   -0.07770   -0.04746   -0.04720   -0.23266
   0.00000    0.00000    0.00000    0.00000    0.00000    0.00000    0.00000    0.00000    0.00000    0.00000    0.00000    0.00000    0.00000   -0.00000   -0.00000   -0.00000   -0.00000   -0.00000   -0.00000   -0.00000   -0.00000   -0.00000   -0.00000   -0.00000
   0.00000    0.00000    0.00000    0.00000    0.00000    0.00000    0.00000    0.00000    0.00000    0.00000    0.00000    0.00000    0.00000   -0.00000   -0.00000   -0.00000   -0.00000   -0.00000   -0.00000   -0.00000   -0.00000   -0.00000   -0.00000   -0.00000
   0.00000    0.00000    0.00000    0.00000    0.00000    0.00000    0.00000    0.00000    0.00000    0.00000    0.00000    0.00000    0.00000    0.00000    0.00000    0.00000    0.00000    0.00000    0.00000    0.00000    0.00000    0.00000    0.00000    0.00000
   0.31691   -0.15993    0.16246   -0.15256   -0.11783   -0.08646   -0.23780    0.05402   -0.01920    0.22740   -0.09754   -0.03775    0.09414   -0.26733    0.13851   -0.06859   -0.03316   -0.04130   -0.14503    0.13610   -0.25881   -0.03452    0.20299    0.01688
  -0.00230    0.00149    0.00594   -0.14746    0.20224   -0.00164   -0.00459   -0.00416    0.00115   -0.00122    0.01083   -0.00661    0.01796    0.04271    0.08435    0.24662   -0.05687   -0.18038   -0.16857   -0.21782   -0.06924    0.09079    0.03113   -0.14077
  -0.00374   -0.00491    0.00160   -0.00181   -0.00105    0.00756   -0.00194    0.00671   -0.20606   -0.07889   -0.22720    0.18617   -0.23300   -0.07681    0.03534   -0.00190   -0.08824    0.00494    0.17631   -0.12269   -0.13521   -0.02866   -0.00280   -0.08282
   0.00000    0.00000    0.00000    0.00000    0.00000    0.00000    0.00000    0.00000    0.00000    0.00000    0.00000    0.00000    0.00000   -0.00000   -0.00000   -0.00000   -0.00000   -0.00000   -0.00000   -0.00000   -0.00000   -0.00000   -0.00000   -0.00000
   0.00000    0.00000    0.00000    0.00000    0.00000    0.00000    0.00000    0.00000    0.00000    0.00000    0.00000    0.00000    0.00000   -0.00000   -0.00000   -0.00000   -0.00000   -0.00000   -0.00000   -0.00000   -0.00000   -0.00000   -0.00000   -0.00000
   0.00000    0.00000    0.00000    0.00000    0.00000    0.00000    0.00000    0.00000    0.00000    0.00000    0.00000    0.00000    0.00000    0.00000    0.00000    0.00000    0.00000    0.00000    0.00000    0.00000    0.00000    0.00000    0.00000    0.00000
   0.37072   -0.05564    0.13853   -0.10352   -0.07968   -0.20301   -0.14300   -0.13925   -0.01012    0.22245   -0.11882   -0.09157    0.00889    0.11766    0.28506   -0.15353    0.01388    0.00384   -0.06061    0.06421   -0.10565   -0.00611   -0.26268   -0.01939
  -0.00229    0.00144    0.00600   -0.14766    0.20242   -0.00140   -0.00487   -0.00268    0.00141   -0.00212    0.00870   -0.00128    0.01940    0.00753    0.16726    0.34985    0.01844    0.02033   -0.13144   -0.17617   -0.05006   -0.01816    0.01605   -0.12740
  -0.00169   -0.00556    0.00069   -0.00289   -0.00206    0.00432   -0.00525    0.00890   -0.10555   -0.07215   -0.28786    0.25424   -0.18823   -0.05981    0.04416   -0.01085   -0.00595   -0.02544    0.13064   -0.07184   -0.12279    0.00894    0.00646    0.10327
   0.00000    0.00000    0.00000    0.00000    0.00000    0.00000    0.00000    0.00000    0.00000    0.00000    0.00000    0.00000    0.00000    0.00000    0.00000    0.00000    0.00000    0.00000    0.00000    0.00000    0.00000    0.00000    0.00000    0.00000
   0.00000    0.00000    0.00000    0.00000    0.00000    0.00000    0.00000    0.00000    0.00000    0.00000    0.00000    0.00000    0.00000   -0.00000   -0.00000   -0.00000   -0.00000   -0.00000   -0.00000   -0.00000   -0.00000   -0.00000   -0.00000   -0.00000
   0.00000    0.00000    0.00000    0.00000    0.00000    0.00000    0.00000    0.00000    0.00000    0.00000    0.00000    0.00000    0.00000    0.00000    0.00000    0.00000    0.00000    0.00000    0.00000    0.00000    0.00000    0.00000    0.00000    0.00000
   0.38176    0.05521    0.13443   -0.03670   -0.02827   -0.23971    0.00452   -0.23637    0.00284    0.05824   -0.04641   -0.05934   -0.08937    0.34969    0.04822   -0.03675    0.03299    0.04253    0.11392   -0.13160    0.20209    0.02044   -0.17567   -0.02339
  -0.00228    0.00133    0.00611   -0.14788    0.20233   -0.00102   -0.00572   -0.00074    0.00109   -0.00264    0.00203    0.00523    0.01243   -0.03411    0.16846    0.29712    0.10145    0.23613   -0.09247   -0.13112   -0.03621   -0.03779   -0.01410   -0.04401
   0.00058   -0.00557   -0.00036   -0.00329   -0.00255    0.00007   -0.00612    0.00710    0.00853   -0.05893   -0.31194    0.29798   -0.11720   -0.00997    0.04476   -0.01383    0.03784   -0.03576    0.04136   -0.00760   -0.03299    0.04327   -0.00305    0.22725
   0.00000    0.00000    0.00000    0.00000    0.00000    0.00000    0.00000    0.00000    0.00000    0.00000    0.00000    0.00000    0.00000   -0.00000   -0.00000   -0.00000   -0.00000   -0.00000   -0.00000   -0.00000   -0.00000   -0.00000   -0.00000   -0.00000
   0.00000    0.00000    0.00000    0.00000    0.00000    0.00000    0.00000    0.00000    0.00000    0.00000    0.00000    0.00000    0.00000    0.00000    0.00000    0.00000    0.00000    0.00000    0.00000    0.00000    0.00000    0.00000    0.00000    0.00000
   0.00000    0.00000    0.00000    0.00000    0.00000    0.00000    0.00000    0.00000    0.00000    0.00000    0.00000    0.00000    0.00000    0.00000    0.00000    0.00000    0.00000    0.00000    0.00000    0.00000    0.00000    0.00000    0.00000    0.00000
   0.34861    0.15959    0.15078    0.03254    0.02415   -0.19046    0.14813   -0.19482    0.01170   -0.14844    0.06261    0.02943   -0.09979    0.18109   -0.26837    0.13379    0.00537    0.03954    0.09830   -0.10097    0.13268    0.00175    0.25845    0.01044
  -0.00228    0.00124    0.00621   -0.14799    0.20205   -0.00072   -0.00658    0.00059    0.00064   -0.00312   -0.00527    0.01048    0.00053   -0.06117    0.08444    0.11806    0.15147    0.36883   -0.08151   -0.12001   -0.02918   -0.01621   -0.04174    0.07353
   0.00277   -0.00492   -0.00132   -0.00291   -0.00243   -0.00392   -0.00435    0.00403    0.12112   -0.04327   -0.29225    0.31247   -0.03727    0.04231    0.02317   -0.00548    0.02782   -0.02408   -0.06473    0.04063    0.07731    0.04947    0.01324    0.21854
   0.00000    0.00000    0.00000    0.00000    0.00000    0.00000    0.00000    0.00000    0.00000    0.00000    0.00000    0.00000    0.00000    0.00000    0.00000    0.00000    0.00000    0.00000    0.00000    0.00000    0.00000    0.00000    0.00000    0.00000
   0.00000    0.00000    0.00000    0.00000    0.00000    0.00000    0.00000    0.00000    0.00000    0.00000    0.00000    0.00000    0.00000    0.00000    0.00000    0.00000    0.00000    0.00000    0.00000    0.00000    0.00000    0.00000    0.00000    0.00000
   0.00000    0.00000    0.00000    0.00000    0.00000    0.00000    0.00000    0.00000    0.00000    0.00000    0.00000    0.00000    0.00000    0.00000    0.00000    0.00000    0.00000    0.00000    0.00000    0.00000    0.00000    0.00000    0.00000    0.00000
   0.27562    0.24512    0.18345    0.08822    0.06523   -0.07367    0.23366   -0.03958    0.01089   -0.25477    0.12239    0.09077   -0.00954   -0.17356   -0.25229    0.14193   -0.01868   -0.00019   -0.06123    0.11776   -0.17348   -0.01240    0.19033    0.02386
  -0.00228    0.00119    0.00626   -0.14791    0.20173   -0.00062   -0.00687    0.00077    0.00052   -0.00380   -0.00891    0.01249   -0.01014   -0.06172   -0.04214   -0.09623    0.14034    0.35585   -0.09842   -0.13896   -0.02431   -0.03319   -0.04850    0.15648
   0.00461   -0.00370   -0.00195   -0.00182   -0.00175   -0.00654   -0.00046    0.00239    0.21776   -0.02684   -0.23167    0.29623    0.03617    0.06687   -0.00789    0.00972   -0.03547    0.00735   -0.15699    0.07814    0.13701    0.02446    0.03820    0.07656
   0.00000    0.00000    0.00000    0.00000    0.00000    0.00000    0.00000    0.00000    0.00000    0.00000    0.00000    0.00000    0.00000    0.00000    0.00000    0.00000    0.00000    0.00000    0.00000    0.00000    0.00000    0.00000    0.00000    0.00000
   0.00000    0.00000    0.00000    0.00000    0.00000    0.00000    0.00000    0.00000    0.00000    0.00000    0.00000    0.00000    0.00000    0.00000    0.00000    0.00000    0.00000    0.00000    0.00000    0.00000    0.00000    0.00000    0.00000    0.00000
   0.00000    0.00000    0.00000    0.00000    0.00000    0.00000    0.00000    0.00000    0.00000    0.00000    0.00000    0.00000    0.00000    0.00000    0.00000    0.00000    0.00000    0.00000    0.00000    0.00000    0.00000    0.00000    0.00000    0.00000
   0.17193    0.30228    0.22462    0.11715    0.08494    0.07318    0.22422    0.14925   -0.00031   -0.17677    0.08345    0.06705    0.09166   -0.30360    0.10071   -0.03883   -0.00484   -0.04445   -0.09841    0.14423   -0.16943    0.01008   -0.29469    0.00188
  -0.00227    0.00123    0.00623   -0.14766    0.20156   -0.00069   -0.00635    0.00002    0.00086   -0.00442   -0.00669    0.01037   -0.01438   -0.03810   -0.14588   -0.24466    0.06883    0.20204   -0.11528   -0.14913   -0.01659   -0.14309   -0.03833    0.16486
   0.00588   -0.00209   -0.00213   -0.00024   -0.00064   -0.00700    0.00439    0.00408    0.28714   -0.00849   -0.14263    0.24971    0.08870    0.05913   -0.01794    0.01715   -0.13164    0.05043   -0.19270    0.09628    0.12302   -0.00920    0.01222   -0.11819
   0.00000    0.00000    0.00000    0.00000    0.00000    0.00000    0.00000    0.00000    0.00000    0.00000    0.00000    0.00000    0.00000    0.00000    0.00000    0.00000    0.00000    0.00000    0.00000    0.00000    0.00000    0.00000    0.00000    0.00000
   0.00000    0.00000    0.00000    0.00000    0.00000    0.00000    0.00000    0.00000    0.00000    0.00000    0.00000    0.00000    0.00000    0.00000    0.00000    0.00000    0.00000    0.00000    0.00000    0.00000    0.00000    0.00000    0.00000    0.00000
   0.00000    0.00000    0.00000    0.00000    0.00000    0.00000    0.00000    0.00000    0.00000    0.00000    0.00000    0.00000    0.00000    0.00000    0.00000    0.00000    0.00000    0.00000    0.00000    0.00000    0.00000    0.00000    0.00000    0.00000
   0.04993    0.32566    0.26449    0.11124    0.07688    0.20084    0.11030    0.26212   -0.01634    0.05607   -0.02950   -0.01813    0.09159   -0.07229    0.34270   -0.18551    0.01554   -0.05014    0.03911   -0.11320    0.17217    0.01432   -0.18154   -0.00386
  -0.00227    0.00132    0.00615   -0.14735    0.20160   -0.00083   -0.00530   -0.00103    0.00132   -0.00428   -0.00002    0.00462   -0.01099   -0.00249   -0.17385   -0.26413   -0.03139   -0.02287   -0.09467   -0.10891   -0.00181   -0.30834   -0.02614    0.10428
   0.00647   -0.00032   -0.00178    0.00155    0.00071   -0.00492    0.00875    0.00960    0.32218    0.01443   -0.04028    0.17652    0.10437    0.03638    0.00641    0.00856   -0.23525    0.09301   -0.12503    0.06644    0.06111   -0.02874   -0.05234   -0.25227
   0.00000    0.00000    0.00000    0.00000    0.00000    0.00000    0.00000    0.00000    0.00000    0.00000    0.00000    0.00000    0.00000    0.00000    0.00000    0.00000    0.00000    0.00000    0.00000    0.00000    0.00000    0.00000    0.00000    0.00000
   0.00000    0.00000    0.00000    0.00000    0.00000    0.00000    0.00000    0.00000    0.00000    0.00000    0.00000    0.00000    0.00000    0.00000    0.00000    0.00000    0.00000    0.00000    0.00000    0.00000    0.00000    0.00000    0.00000    0.00000
   0.00000    0.00000    0.00000    0.00000    0.00000    0.00000    0.00000    0.00000    0.00000    0.00000    0.00000    0.00000    0.00000    0.00000    0.00000    0.00000    0.00000    0.00000    0.00000    0.00000    0.00000    0.00000    0.00000    0.00000
  -0.07637    0.31390    0.29283    0.06706    0.03813    0.25535   -0.08795    0.19334   -0.02489    0.29384   -0.13241   -0.07762   -0.03383    0.22370    0.07200   -0.05462    0.00983    0.01043    0.07324   -0.17615    0.19463   -0.02007    0.46961    0.01271
  -0.00227    0.00141    0.00607   -0.14716    0.20181   -0.00095   -0.00435   -0.00183    0.00149   -0.00281    0.00691   -0.00270   -0.00273    0.03074   -0.11212   -0.15357   -0.11309   -0.21964   -0.01722   -0.00534    0.02344   -0.42986   -0.02474    0.04067
   0.00632    0.00142   -0.00092    0.00342    0.00222   -0.00018    0.01123    0.01786    0.31955    0.04561    0.06311    0.08608    0.06714    0.01566    0.04857   -0.01267   -0.32382    0.12408    0.04680   -0.03716   -0.02277   -0.02515   -0.05077   -0.21992
   0.00000    0.00000    0.00000    0.00000    0.00000    0.00000    0.00000    0.00000    0.00000    0.00000    0.00000    0.00000    0.00000    0.00000    0.00000    0.00000    0.00000    0.00000    0.00000    0.00000    0.00000    0.00000    0.00000    0.00000
   0.00000    0.00000    0.00000    0.00000    0.00000    0.00000    0.00000    0.00000    0.00000    0.00000    0.00000    0.00000    0.00000    0.00000    0.00000    0.00000    0.00000    0.00000    0.00000    0.00000    0.00000    0.00000    0.00000    0.00000
   0.00000    0.00000    0.00000    0.00000    0.00000    0.00000    0.00000    0.00000    0.00000    0.00000    0.00000    0.00000    0.00000    0.00000    0.00000    0.00000    0.00000    0.00000    0.00000    0.00000    0.00000    0.00000    0.00000    0.00000
  -0.19276    0.26929    0.30035   -0.01792   -0.03303    0.18453   -0.31692   -0.10664   -0.00746    0.26015   -0.11585   -0.03757   -0.13051    0.16679   -0.42788    0.24109    0.00346    0.07659   -0.10717    0.24681   -0.27547   -0.00513   -0.28606   -0.05420
  -0.00228    0.00146    0.00600   -0.14717    0.20205   -0.00104   -0.00411   -0.00221    0.00119   -0.00013    0.00966   -0.00857    0.00608    0.04946    0.00833    0.03047   -0.13679   -0.30379    0.09726    0.13461    0.05247   -0.39074   -0.02875    0.03594
   0.00546    0.00297    0.00036    0.00556    0.00391    0.00698    0.00992    0.02422    0.27920    0.09316    0.16007    0.00305   -0.04427   -0.00656    0.06410   -0.02439   -0.36708    0.13583    0.24255   -0.15828   -0.14209    0.00786    0.07699    0.03772
   0.00000    0.00000    0.00000    0.00000    0.00000    0.00000    0.00000    0.00000    0.00000    0.00000    0.00000    0.00000    0.00000    0.00000    0.00000    0.00000    0.00000    0.00000    0.00000    0.00000    0.00000    0.00000    0.00000    0.00000
   0.00000    0.00000    0.00000    0.00000    0.00000    0.00000    0.00000    0.00000    0.00000    0.00000    0.00000    0.00000    0.00000    0.00000    0.00000    0.00000    0.00000    0.00000    0.00000    0.00000    0.00000    0.00000    0.00000    0.00000
   0.00000    0.00000    0.00000    0.00000    0.00000    0.00000    0.00000    0.00000    0.00000    0.00000    0.00000    0.00000    0.00000    0.00000    0.00000    0.00000    0.00000    0.00000    0.00000    0.00000    0.00000    0.00000    0.00000    0.00000
  -0.28620    0.19794    0.27984   -0.15913   -0.14585   -0.05569   -0.43377   -0.47390    0.05040   -0.42193    0.12854    0.04854    0.13939   -0.17460    0.19822   -0.11058   -0.04357   -0.03127    0.07569   -0.10792    0.08484    0.01045    0.06304    0.04164
  -0.00229    0.00144    0.00598   -0.14735    0.20215   -0.00111   -0.00475   -0.00216    0.00044    0.00318    0.00632   -0.00984    0.01141    0.04674    0.12685    0.19981   -0.08980   -0.24001    0.19918    0.25548    0.07033   -0.14586   -0.02872    0.11981
   0.00399    0.00410    0.00196    0.00936    0.00648    0.01605   -0.00166    0.01301    0.20441    0.17545    0.25127   -0.00484   -0.26840   -0.06013    0.00529    0.00910   -0.27272    0.09968    0.25910   -0.12601   -0.24126    0.07288   -0.06724    0.38546
   0.00000    0.00000    0.00000    0.00000    0.00000    0.00000    0.00000    0.00000    0.00000    0.00000    0.00000    0.00000    0.00000    0.00000    0.00000    0.00000    0.00000    0.00000    0.00000    0.00000    0.00000    0.00000    0.00000    0.00000
   0.00000    0.00000    0.00000    0.00000    0.00000    0.00000    0.00000    0.00000    0.00000    0.00000    0.00000    0.00000    0.00000    0.00000    0.00000    0.00000    0.00000    0.00000    0.00000    0.00000    0.00000    0.00000    0.00000    0.00000
   0.00000    0.00000    0.00000    0.00000    0.00000    0.00000    0.00000    0.00000    0.00000    0.00000    0.00000    0.00000    0.00000    0.00000    0.00000    0.00000    0.00000    0.00000    0.00000    0.00000    0.00000    0.00000    0.00000    0.00000
  -0.34679    0.11293    0.22143   -0.49709   -0.36453   -0.46366    0.38469    0.24425   -0.00751    0.09728    0.01156    0.01143   -0.06236    0.01769   -0.01149    0.00830    0.01781   -0.00380   -0.02083    0.01536    0.00257   -0.00163   -0.00225   -0.00753
  -0.00230    0.00135    0.00601   -0.14683    0.20140   -0.00137   -0.00683   -0.00124   -0.00111    0.00631    0.00103    0.00174    0.00866    0.02857    0.19538    0.28867    0.02302   -0.05083    0.25448    0.30082    0.06900    0.24946    0.00555    0.25666
   0.00213    0.00435    0.00417    0.02478    0.01352    0.02359   -0.07111   -0.08352    0.10949    0.19500    0.41499    0.26368   -0.64368   -0.16363    0.14041   -0.04919    0.23774   -0.14527   -0.24821    0.09799    0.22311   -0.01494    0.03002   -0.10711
   0.00000    0.00000    0.00000    0.00000    0.00000    0.00000    0.00000    0.00000    0.00000    0.00000    0.00000    0.00000    0.00000    0.00000    0.00000    0.00000    0.00000    0.00000    0.00000    0.00000    0.00000    0.00000    0.00000    0.00000
