96 5
  -0.00000    0.00000    0.00000    0.00000   -0.00000
   0.00000    0.00000   -0.00000   -0.00000   -0.00000
  -0.24157   -0.29968    0.39947    0.48936    0.33911
  -0.00226    0.00120    0.00613   -0.14619    0.20011
  -0.00480    0.00176    0.00455    0.03185    0.02032
   0.00000   -0.00000    0.00000    0.00000   -0.00000
   0.00000   -0.00000   -0.00000    0.00000    0.00000
   0.00000   -0.00000   -0.00000    0.00000   -0.00000
  -0.13524   -0.32791    0.33251    0.06565    0.05108
  -0.00230    0.00122    0.00622   -0.14748    0.20141
  -0.00595    0.00099    0.00220    0.01047    0.00801
   0.00000    0.00000    0.00000    0.00000    0.00000
   0.00000    0.00000    0.00000    0.00000    0.00000
   0.00000    0.00000    0.00000    0.00000    0.00000
  -0.01260   -0.33295    0.29055   -0.08219   -0.06142
  -0.00231    0.00129    0.00618   -0.14750    0.20137
  -0.00645   -0.00057    0.00214    0.00484    0.00427
   0.00000    0.00000    0.00000    0.00000    0.00000
   0.00000    0.00000    0.00000    0.00000    0.00000
   0.00000    0.00000    0.00000    0.00000    0.00000
   0.11296   -0.30549    0.24619   -0.15148   -0.11613
  -0.00232    0.00139    0.00607   -0.14741    0.20153
  -0.00624   -0.00224    0.00229    0.00193    0.00209
   0.00000    0.00000    0.00000    0.00000    0.00000
   0.00000    0.00000    0.00000    0.00000    0.00000
   0.00000    0.00000    0.00000    0.00000    0.00000
   0.22728   -0.24610    0.20099   -0.17160   -0.13251
  -0.00231    0.00147    0.00597   -0.14737    0.20188
  -0.00531   -0.00375    0.00215   -0.00018    0.00037
   0.00000    0.00000    0.00000    0.00000    0.00000
   0.00000    0.00000    0.00000    0.00000    0.00000
   0.00000    0.00000    0.00000    0.00000    0.00000
   0.31691   -0.15993    0.16246   -0.15256   -0.11783
  -0.00230    0.00149    0.00594   -0.14746    0.20224
  -0.00374   -0.00491    0.00160   -0.00181   -0.00105
   0.00000    0.00000    0.00000    0.00000    0.00000
   0.00000    0.00000    0.00000    0.00000    0.00000
   0.00000    0.00000    0.00000    0.00000    0.00000
   0.37072   -0.05564    0.13853   -0.10352   -0.07968
  -0.00229    0.00144    0.00600   -0.14766    0.20242
  -0.00169   -0.00556    0.00069   -0.00289   -0.00206
   0.00000    0.00000    0.00000    0.00000    0.00000
   0.00000    0.00000    0.00000    0.00000    0.00000
   0.00000    0.00000    0.00000    0.00000    0.00000
   0.38176    0.05521    0.13443   -0.03670   -0.02827
  -0.00228    0.00133    0.00611   -0.14788    0.20233
   0.00058   -0.00557   -0.00036   -0.00329   -0.00255
   0.00000    0.00000    0.00000    0.00000    0.00000
   0.00000    0.00000    0.00000    0.00000    0.00000
   0.00000    0.00000    0.00000    0.00000    0.00000
   0.34861    0.15959    0.15078    0.03254    0.02415
  -0.00228    0.00124    0.00621   -0.14799    0.20205
   0.00277   -0.00492   -0.00132   -0.00291   -0.00243
   0.00000    0.00000    0.00000    0.00000    0.00000
   0.00000    0.00000    0.00000    0.00000    0.00000
   0.00000    0.00000    0.00000    0.00000    0.00000
   0.27562    0.24512    0.18345    0.08822    0.06523
  -0.00228    0.00119    0.00626   -0.14791    0.20173
   0.00461   -0.00370   -0.00195   -0.00182   -0.00175
   0.00000    0.00000    0.00000    0.00000    0.00000
   0.00000    0.00000    0.00000    0.00000    0.00000
   0.00000    0.00000    0.00000    0.00000    0.00000
   0.17193    0.30228    0.22462    0.11715    0.08494
  -0.00227    0.00123    0.00623   -0.14766    0.20156
   0.00588   -0.00209   -0.00213   -0.00024   -0.00064
   0.00000    0.00000    0.00000    0.00000    0.00000
   0.00000    0.00000    0.00000    0.00000    0.00000
   0.00000    0.00000    0.00000    0.00000    0.00000
   0.04993    0.32566    0.26449    0.11124    0.07688
  -0.00227    0.00132    0.00615   -0.14735    0.20160
   0.00647   -0.00032   -0.00178    0.00155    0.00071
   0.00000    0.00000    0.00000    0.00000    0.00000
   0.00000    0.00000    0.00000    0.00000    0.00000
   0.00000    0.00000    0.00000    0.00000    0.00000
  -0.07637    0.31390    0.29283    0.06706    0.03813
  -0.00227    0.00141    0.00607   -0.14716    0.20181
   0.00632    0.00142   -0.00092    0.00342    0.00222
   0.00000    0.00000    0.00000    0.00000    0.00000
   0.00000    0.00000    0.00000    0.00000    0.00000
   0.00000    0.00000    0.00000    0.00000    0.00000
  -0.19276    0.26929    0.30035   -0.01792   -0.03303
  -0.00228    0.00146    0.00600   -0.14717    0.20205
   0.00546    0.00297    0.00036    0.00556    0.00391
   0.00000    0.00000    0.00000    0.00000    0.00000
   0.00000    0.00000    0.00000    0.00000    0.00000
   0.00000    0.00000    0.00000    0.00000    0.00000
  -0.28620    0.19794    0.27984   -0.15913   -0.14585
  -0.00229    0.00144    0.00598   -0.14735    0.20215
   0.00399    0.00410    0.00196    0.00936    0.00648
   0.00000    0.00000    0.00000    0.00000    0.00000
   0.00000    0.00000    0.00000    0.00000    0.00000
   0.00000    0.00000    0.00000    0.00000    0.00000
  -0.34679    0.11293    0.22143   -0.49709   -0.36453
  -0.00230    0.00135    0.00601   -0.14683    0.20140
   0.00213    0.00435    0.00417    0.02478    0.01352
   0.00000    0.00000    0.00000    0.00000    0.00000
