96 18
-0 0 0 0 -0 0 0 0 0 -0 -0 -0 -0 -0 -0 0 0 0
0 0 -0 -0 -0 0 -0 0 0 -0 0 0 0 0 0 -0 0 -0
-11.549255006276379 -14.327444385813244 19.098318902832411 23.395882890555157 16.212558948455449 -24.724499012691268 -7.2306549950293482 9.613940842042128 0.7486912008870642 -2.2671096261854777 -0.5665383608245026 -2.0428847390743456 -1.9104534091600949 0.80701835702258251 0.0086056459872076354 0.1023115689590241 -0.45753351165320594 0.27777112880931309
-0.00015280388925491579 8.1134808453937584e-05 0.00041446364651886455 -0.0098842480399009471 0.013529905433097877 2.0959825517267212e-05 -0.0004124352763075161 0.00020148477432727836 -1.3522468075656266e-06 0.0001271111999111689 -0.00046720127201392401 0.00045773554436096458 -0.0010283836971536589 -0.0038160404909501977 0.0020946303049191556 -0.0044035917288374627 0.0059573233107303673 0.020880042955620837
-0.00051314158447185476 0.00018815191430634676 0.00048641546028061237 0.0034049082219642867 0.0021722993742641855 -0.0060604159216061347 -0.0064249602555746816 0.0019071762222870605 -0.028671786032364886 0.024872400217337862 0.040106291006346051 0.06668916317192343 0.041894803237223999 0.021950700320751238 -0.0013352371645944721 -0.0039041522218566951 0.017430778197528318 -0.0025507412928121782
0 -0 0 0 -0 0 0 -0 0 0 0 -0 0 0 -0 -0 -0 -0
0 -0 -0 0 0 -0 0 0 0 0 -0 0 0 0 0 -0 0 -0
0 -0 -0 0 -0 0 0 -0 0 -0 0 0 -0 -0 -0 -0 0 0
-6.4657086850553362 -15.677096531473641 15.897018595591168 3.1386703281121178 2.4420910945920333 10.419046833289777 22.161450782834592 -24.806252649569739 0.075538448109933681 15.231515305913778 -5.8680943803881389 0.48430663250229633 5.1217936367197439 -12.180813803448673 -2.1055147182034681 1.2631175943445871 1.0178566837091696 -2.2350774994553162
-0.00015550838287004706 8.2487055261503217e-05 0.00042054875715290984 -0.0099714679589889294 0.013617801475589643 1.3522468075656266e-06 -0.00044353695288152549 0.00020283702113484399 -5.0709255283710998e-05 9.262890631824541e-05 -0.00062947088892179915 0.00021095050198023774 -0.0010987005311470716 -0.0028424227895029472 -0.0059552949405190193 -0.018072102459710818 0.0021980771856979259 0.0083947481813674094
-0.00063608175575157009 0.00010583545179732005 0.00023518989288293346 0.0011192900811292333 0.00085630501908740767 -0.001434658346585894 0.0011770185093823171 -0.0059075424912322276 -0.033008901466119706 0.013261502823694496 0.017230866788577822 0.010262831689437096 0.016229171653890057 0.0016399149803746358 -0.0033183155795846611 0.0029997401792250513 -0.036173274570362811 0.014470592682106306
0 0 0 0 0 0 0 0 0 0 0 0 0 0 -0 0 -0 -0
0 0 0 0 0 0 0 0 -0 0 -0 0 0 -0 0 -0 0 -0
0 0 0 0 0 -0 0 0 0 0 0 0 -0 -0 -0 0 -0 0
-0.60239521910453442 -15.918054619115455 13.890946897684321 -3.9294335760477526 -2.9364376474127383 15.558529853427668 7.999904127996964 1.0192909580403708 0.74534456078092792 -15.140199840160632 6.5063464577727048 -0.13864651868278965 -4.9310351506699739 22.062963945425441 10.243109181995754 -6.3992539743763439 1.0202471409278384 2.9106207094511154
-0.00015618450627382987 8.7219919087982905e-05 0.00041784426353777857 -0.0099728202057964947 0.013615096981974511 -3.651066380427192e-05 -0.00044488919968909112 2.9749429766443786e-05 -8.1134808453937584e-05 0.00012034996587334075 -0.00046179228478366148 -0.00016970697434948615 -0.00090668148447275261 -0.0001832294424251424 -0.0097889146399675695 -0.020316832160269756 -0.001766710454084491 -0.0054657815961802626
-0.00068953400413405486 -6.0935563156032751e-05 0.00022877562307703527 0.00051741776434245353 0.00045648220118642085 3.6347528900089716e-05 0.0015543913829626603 -0.0039789853695921746 -0.035280622022375314 0.00022129230830348736 0.0058808163670409858 -0.0011716732845440685 -0.0051549348340068409 0.0020867757768522092 0.0063693699172568978 -0.00072588153303414454 -0.040757339391644713 0.015012598480704702
0 0 0 0 0 0 0 0 0 -0 0 -0 -0 0 0 0 -0 0
0 0 0 0 0 0 0 0 -0 0 0 0 0 0 0 0 0 0
0 0 0 0 0 0 0 -0 0 0 -0 0 0 0 -0 0 0 -0
5.4005209484165242 -14.605215514622556 11.770133253281374 -7.2421291896789581 -5.5520759360801257 11.463676637848035 -4.700116983346569 13.26847183794297 -0.10804866628382918 -10.811081817151457 5.9326367252921965 3.079865080532866 -1.965433925189477 2.8188271522542339 -9.7731452928054701 5.6180525553153844 0.34422583948830537 0.8801663479138474
-0.00015686062967761269 9.3981153125811042e-05 0.00041040690609616765 -0.0099667350951624517 0.013625914956435035 -7.8430314838806345e-05 -0.00039891280823185982 -0.00016226961690787517 -4.5300268053448494e-05 9.127665951067979e-05 -8.7896042491765718e-06 -0.0004854566039160599 -0.00024272830195802995 0.0024178172919273404 -0.0084400484494208585 -0.0121560226766112 -0.0052047979623200966 -0.016140417895103319
-0.00066708405981341125 -0.0002394660727535322 0.0002448112975917807 0.00020632567875639163 0.00022343039823878675 0.0007002244538105519 0.0010027641796554162 -0.0017414742523013571 -0.034482045431540993 -0.0055750695062931725 -0.0048694998276443717 0.0026918552285419384 -0.018670870360001965 -0.0013277538498209242 0.0065500385167896963 -0.00045006793138052269 -0.031845780541316836 0.010676552091917528
0 0 0 0 0 0 0 0 0 0 0 0 0 0 0 0 0 0
0 0 0 0 0 0 0 0 0 0 0 0 0 0 0 0 0 0
0 0 0 0 0 0 0 0 0 0 0 0 0 0 0 0 -0 -0
10.866062333180841 -11.765830430287771 9.6091599276047912 -8.2040491744712778 -6.33518972091602 3.7597111135222687 -11.135227816002946 11.487581210034724 -0.82662010621566662 2.2245594876931736 0.33466401061363021 2.1691008802200575 3.5354862264111366 -16.352639741469442 -9.1898737314502856 5.368010730242629 -1.8224845835130834 -1.9185809637035687
-0.00015618450627382987 9.9390140356073547e-05 0.00040364567205833948 -0.0099640306015473194 0.013649579275567435 -0.0001068274977976845 -0.00034009007210275506 -0.0002812673359736503 2.2312072324832839e-05 6.7612340378281334e-06 0.00048613272731984277 -0.00059566471873265855 0.00059904533575157258 0.0036402484059666665 -0.0022805642409594292 0.0024637936833845717 -0.0062203353148018821 -0.018896296888922064
-0.00056766287782198928 -0.00040089186286863652 0.00022984466804468496 -1.9242809417694555e-05 3.9554663803038803e-05 0.00092044771714638949 0.00034637056951850194 -0.00015180438540625705 -0.030017713646635854 -0.0079355207948637041 -0.015234959833975839 0.011077443954786166 -0.024926921510687997 -0.0058123974891114054 0.0044258461660697471 0.00014004489076211037 -0.020369582813597336 0.0053142225341866458
0 0 0 0 0 0 0 0 0 0 0 0 0 -0 -0 -0 -0 -0
0 0 0 0 0 0 0 0 0 0 0 0 0 -0 -0 -0 -0 -0
0 0 0 0 0 0 0 0 0 0 0 0 0 0 0 0 0 0
15.15119594336651 -7.6461164596339826 7.7670735948986236 -7.2937630656022039 -5.6333514815148646 -4.1335786225220668 -11.369014531988753 2.5826499790497577 -0.91793557196881426 10.871799430505645 -4.6633039421790707 -1.8047952000949343 4.5007528513095929 -12.780818565334538 6.6220445871562745 -3.2792292125698426 -1.5853512274211399 -1.9745176626204184
-0.00015550838287004706 0.00010074238716363918 0.00040161730184699109 -0.0099701157121813658 0.013673919718103616 -0.00011088423822038137 -0.0003103406423363113 -0.0002812673359736503 7.7754191435023528e-05 -8.2487055261503217e-05 0.00073224164629678672 -0.00044691756990043963 0.0012143176331939327 0.0028877230575563954 0.0057031009109080296 0.016674555384091742 -0.0038451137973128588 -0.012195913957434386
-0.00039982281790098683 -0.00052490107911600155 0.00017104719482395161 -0.00019349713914459525 -0.00011224972160321823 0.00080819799554317131 -0.00020739472372404132 0.000717329173292947 -0.022028740603389666 -0.0084336957497884637 -0.024288701665001126 0.019902410162734419 -0.024908747746237952 -0.0082113343965173266 0.0037780049156740311 -0.00020311854385344252 -0.0094332527945409309 0.00052810821401895057
0 0 0 0 0 0 0 0 0 0 0 0 0 -0 -0 -0 -0 -0
0 0 0 0 0 0 0 0 0 0 0 0 0 -0 -0 -0 -0 -0
0 0 0 0 0 0 0 0 0 0 0 0 0 0 0 0 0 0
17.723806002097856 -2.6601007929346268 6.6230007700437419 -4.9492026255318571 -3.8094326236705793 -9.7057343992390095 -6.8367076453927309 -6.6574233539925736 -0.4838285410585626 10.635144165857435 -5.6806825344445055 -4.3778833502700172 0.42502329347931039 5.6252239269713904 13.628474695074489 -7.3401379356443783 0.66359092390245533 0.18358711439376288
-0.00015483225946626424 9.7361770144725111e-05 0.00040567404226968799 -0.0099836381802570224 0.013686089939371706 -9.4657276529593859e-05 -0.00032927209764223005 -0.00018120107221379397 9.5333399933376675e-05 -0.00014333816160195641 0.00058822736129104751 -8.6543795684200102e-05 0.0013116794033386579 0.00050912092304845836 0.011308840051671334 0.023654177281341723 0.0012467715565755077 0.0013745588798904594
-0.00018066859953279888 -0.00059438900201323178 7.3764102767829125e-05 -0.00030895399565076257 -0.0002202232633358377 0.00046182742602466931 -0.00056124860801609123 0.00095145002120823076 -0.011283769633542558 -0.0077131594415925679 -0.030773528438764193 0.02717939925752591 -0.020122633426070256 -0.0063939579515128412 0.004720902577141064 -0.0011599137898999218 -0.00063608175575157009 -0.0027196503977008303
0 0 0 0 0 0 0 0 0 0 0 0 0 0 0 0 0 0
0 0 0 0 0 0 0 0 0 0 0 0 0 -0 -0 -0 -0 -0
0 0 0 0 0 0 0 0 0 0 0 0 0 0 0 0 0 0
18.251618955979925 2.6395428608540752 6.4269832781129015 -1.75459559850289 -1.3515645114353323 -11.460329997741901 0.21609733256765837 -11.300647455534826 0.13577797002038713 2.7844045683054035 -2.2188223903683686 -2.8369946271161166 -4.272703232648591 16.718379695925766 2.3053569416841784 -1.7569860557215586 1.5772236728776658 2.0333229101996704
-0.00015415613606248142 8.9924412703114171e-05 0.00041311139971129891 -0.0099985128951402442 0.013680004828737661 -6.8964587185846955e-05 -0.00038674258696376923 -5.0033131879928182e-05 7.3697451012326643e-05 -0.00017849657859866271 0.00013725305096791109 0.00035361254017841133 0.00084042139090203692 -0.0023062569303031761 0.011389974860125272 0.020088978573194947 0.0068592719313766409 0.015965301933523569
6.2004608123682458e-05 -0.00059545804698088152 -3.8485618835389109e-05 -0.00035171579435675047 -0.00027260646675067289 7.4833147735478814e-06 -0.00065425552020161482 0.0007590219270312852 0.00091189535740519184 -0.0062998819943596678 -0.033347788720864663 0.031855401946025687 -0.012529207020854454 -0.0010658378327467483 0.0047850452752000458 -0.0014784891902595316 0.0040452661575864548 -0.0038229048043153181
0 0 0 0 0 0 0 0 0 0 0 0 0 -0 -0 -0 -0 -0
0 0 0 0 0 0 0 0 0 0 0 0 0 0 0 0 0 0
0 0 0 0 0 0 0 0 0 0 0 0 0 0 0 0 0 0
16.666745820002518 7.6298613505470358 7.2086627886175947 1.5557095579096467 1.1545908366170243 -9.1057296373531447 7.0819685560281496 -9.3141775068210624 0.55936698916849625 -7.0967893907838953 2.9933305292170553 1.4070231189084483 -4.7708745170191662 8.6577579545746133 -12.830540075482849 6.396385425713941 0.25673510528502774 1.890373568523277
-0.00015415613606248142 8.383930206906885e-05 0.00041987263374912708 -0.010005950252581854 0.013661073373431743 -4.8680885072362556e-05 -0.00044488919968909112 3.9891280823185982e-05 4.3271897842100051e-05 -0.00021095050198023774 -0.0003563170337935426 0.0007085773271643883 3.5834540400489104e-05 -0.0041358468609394693 0.0057091860215420752 0.0079823129050598934 0.010241241197098272 0.0249374595017215
0.00029612545603896619 -0.00052597012408365118 -0.00014111393572976006 -0.00031109208558606196 -0.00025977792713887646 -0.00041906562731868142 -0.00046503456092761839 0.00043082512196282804 0.012948272648173137 -0.0046257575750202409 -0.031242839179562411 0.033404448104150102 -0.0039843305944304219 0.0045231292581258704 0.0024769771900443492 -0.00058583664227203423 0.0029740831000014587 -0.0025742602821004715
0 0 0 0 0 0 0 0 0 0 0 0 0 0 0 0 0 0
0 0 0 0 0 0 0 0 0 0 0 0 0 0 0 0 0 0
0 0 0 0 0 0 0 0 0 0 0 0 0 0 0 0 0 0
13.177156372189822 11.718977468801864 8.7705875352957801 4.2177227166192086 3.1185904874752999 -3.5220996659865911 11.171084674282977 -1.8922859342982119 0.52064158222606194 -12.180335712004938 5.8513611798574576 4.339636034771317 -0.45609923732200464 -8.297755097443094 -12.061769033958967 6.7855518609132197 -0.89307481689465884 -0.0090837374309413917
-0.00015415613606248142 8.0458685050154781e-05 0.00042325325076804111 -0.010000541265351591 0.013639437424510691 -4.1919651034534425e-05 -0.00046449677839879275 5.2061502091276618e-05 3.5158416996706287e-05 -0.00025692689343746907 -0.0006024259527704866 0.00084447813132473371 -0.00068558913143577265 -0.0041730336481475231 -0.0028491840235407751 -0.0065063355146020123 0.0094887158486880018 0.024059851323611409
0.00049282973008651053 -0.00039554663803038811 -0.00020846376869169099 -0.00019456618411224495 -0.00018708286933869707 -0.00069915540884290216 -4.9176068511886084e-05 0.00025550174726827774 0.023279523215539812 -0.002869316693171788 -0.024766564765540539 0.03166831907668699 0.0038667356479889559 0.0071487036986735272 -0.00084347647947561125 0.0010391117085555058 -0.0037919025002534773 0.00078574805122252759
0 0 0 0 0 0 0 0 0 0 0 0 0 0 0 0 0 0
0 0 0 0 0 0 0 0 0 0 0 0 0 0 0 0 0 0
0 0 0 0 0 0 0 0 0 0 0 0 0 0 0 0 0 0
8.2198261921144926 14.451748161184021 10.73889000914766 5.6008412633409685 4.0609087230745358 3.498673185243637 10.719766351398309 7.13551479772633 -0.014820834755746481 -8.451222450881632 3.9896730979582058 3.2056031302348438 4.3821861732636211 -14.514856231756875 4.8148589298426714 -1.8564290760181803 -0.2313962587671386 -2.1251164673965519
-0.00015348001265869861 8.3163178665286033e-05 0.00042122488055669271 -0.0099836381802570224 0.013627943326646384 -4.6652514861014113e-05 -0.0004293383614020864 1.3522468075656266e-06 5.8146612725321939e-05 -0.00029884654447200347 -0.00045232655713070205 0.00070113996972277738 -0.00097226545463968553 -0.0025760301684125187 -0.0098632882143836805 -0.01654203519695031 0.0046537573882371036 0.01366039725002796
0.00062859844097802207 -0.00022343039823878675 -0.00022770657810938555 -2.5657079223592738e-05 -6.8418877929580645e-05 -0.00074833147735478827 0.00046931074079821717 0.00043617034680107662 0.030696557201093416 -0.00090761917753459306 -0.015247788373587636 0.026695121887180595 0.0094824288630528161 0.0063212628937126614 -0.0019178666719635573 0.0018334121195192311 -0.014072907954140618 0.0053911937718574251
0 0 0 0 0 0 0 0 0 0 0 0 0 0 0 0 0 0
0 0 0 0 0 0 0 0 0 0 0 0 0 0 0 0 0 0
0 0 0 0 0 0 0 0 0 0 0 0 0 0 0 0 0 0
2.387110578562651 15.569525956633546 12.645040595314152 5.3182892200943179 3.6755670194251278 9.6019885559487843 5.2733486243833445 12.531732923149251 -0.78120141906095975 2.6806587250151783 -1.4103697590145845 -0.86677978748930229 4.3788395331574845 -3.4561230467513324 16.384193776755868 -8.8690743727049348 0.7429541035622591 -2.3971504988810599
-0.00015348001265869861 8.9248289299331354e-05 0.00041581589332643018 -0.009962678354739754 0.013630647820261516 -5.6118242513973503e-05 -0.00035834540400489105 -6.9640710589629771e-05 8.9248289299331354e-05 -0.0002893808168190441 -1.3522468075656266e-06 0.00031236901254765975 -0.00074305962075731178 -0.00016835472754192052 -0.011754405374764208 -0.017858447464115447 -0.0021223513644742509 -0.0015462942244512941
0.00069167209406935425 -3.4209438964790323e-05 -0.00019029000424164615 0.00016570196998570309 7.5902192703128526e-05 -0.00052597012408365118 0.00093541434669348542 0.0010262831689437095 0.034442490767737956 0.0015426318883185134 -0.0043061131296929815 0.01887078176895246 0.011157622327359893 0.0038891855923095997 0.00068525782426345609 0.00091510249230814108 -0.025149282863959132 0.0099431872441098357
0 0 0 0 0 0 0 0 0 0 0 0 0 0 0 0 0 0
0 0 0 0 0 0 0 0 0 0 0 0 0 0 0 0 0 0
0 0 0 0 0 0 0 0 0 0 0 0 0 0 0 0 0 0
-3.6511843557947055 15.007290418802647 13.999951746855618 3.2060812216785775 1.8229626749568171 12.208065015741498 -4.2048142476383967 9.2434199731484679 -1.1899696034533223 14.048238982672729 -6.3304088064786823 -3.710945786261425 -1.6173833541513014 10.694905596324155 3.4422583948830536 -2.6113354656737835 0.46996388919028359 0.49864937581430901
-0.00015348001265869861 9.5333399933376675e-05 0.00041040690609616765 -0.009949832010067881 0.013644846411740954 -6.4231723359367267e-05 -0.00029411368064552376 -0.00012373058289225482 0.00010074238716363918 -0.00018999067646297053 0.00046720127201392401 -0.00018255331902135958 -0.000184581689232708 0.002078403343228368 -0.0075806956032129025 -0.010383227111892664 -0.0076462795733798347 -0.014850374440685711
0.00067563641955460879 0.00015180438540625705 -9.8352137023772167e-05 0.00036561337893619653 0.00023732798281823287 -1.9242809417694555e-05 0.0012005374986706102 0.0019093143122223598 0.034161331941246084 0.0048759140974502704 0.0067467427908372403 0.0092023390815285967 0.0071775679128000692 0.0016741244193394264 0.0051923514078745809 -0.0013544799740121667 -0.0346178141424325 0.013264709958597446
0 0 0 0 0 0 0 0 0 0 0 0 0 0 0 0 0 0
0 0 0 0 0 0 0 0 0 0 0 0 0 0 0 0 0 0
0 0 0 0 0 0 0 0 0 0 0 0 0 0 0 0 0 0
-9.2156906694119076 12.874524488306353 14.359476512543406 -0.85673986717089334 -1.5791360386526008 8.8222214112190258 -15.15167403481024 -5.0983671559767894 -0.35665621702538303 12.437548908733699 -5.5386893756555802 -1.7961895541077268 -6.2395714321692681 7.9740871900353403 -20.456576694480013 11.526306616977159 0.16541963953188007 3.6617023675568485
-0.00015415613606248142 9.8714016952290731e-05 0.00040567404226968799 -0.0099505081334716628 0.013661073373431743 -7.0316833993412574e-05 -0.00027788671895473627 -0.00014942327223600174 8.0458685050154781e-05 -8.7896042491765718e-06 0.00065313520805419768 -0.00057943775704187095 0.00041108302949995052 0.0033441063551097943 0.00056321079535108347 0.002060148011326232 -0.0092486920403451016 -0.020539952883518085
0.00058369855233673473 0.00031750635539196017 3.8485618835389109e-05 0.00059438900201323178 0.00041799658235103172 0.00074619338741948888 0.0010604926079084999 0.0025892269116475669 0.029847735496779555 0.0099592229186245829 0.017112202797168706 0.00032605871513315777 -0.00473266207178521 -0.00070129349877820154 0.0068525782426345615 -0.0026074006760976121 -0.039242502672485094 0.014520837795585842
0 0 0 0 0 0 0 0 0 0 0 0 0 0 0 0 0 0
0 0 0 0 0 0 0 0 0 0 0 0 0 0 0 0 0 0
0 0 0 0 0 0 0 0 0 0 0 0 0 0 0 0 0 0
-13.682977119660139 9.4633420372659955 13.378910961445468 -7.6078691441352824 -6.9729637068568531 -2.6624912501532956 -20.738172554839196 -22.656753518542764 2.4095808764181377 -20.172112285458429 6.1453874177537182 2.3206558678836586 6.664116634204845 -8.3474766075914051 9.4767285976905402 -5.2867351848078901 -2.083044420347981 -1.4949919445554596
-0.00015483225946626424 9.7361770144725111e-05 0.00040432179546212235 -0.009962678354739754 0.01366783460746957 -7.5049697819892276e-05 -0.00032115861679683631 -0.00014604265521708768 2.9749429766443786e-05 0.00021500724240293464 0.000427309991190738 -0.00066530542932228826 0.00077145680371618996 0.0031602007892808691 0.0085766253769849858 0.013509621730984391 -0.0060715881659696635 -0.016227637814191301
0.00042654894209222927 0.00043830843673637601 0.00020953281365934071 0.0010006260897201169 0.00069274113903700389 0.0017158171730777643 -0.00017746146462984977 0.0013908275029122564 0.021852348183727468 0.018756393957413943 0.026861892902133949 -0.00051741776434245353 -0.028693166931717883 -0.0064281673904776314 0.00056552478788669 0.00097283092056122474 -0.029154994357742551 0.010656240237532186
0 0 0 0 0 0 0 0 0 0 0 0 0 0 0 0 0 0
0 0 0 0 0 0 0 0 0 0 0 0 0 0 0 0 0 0
0 0 0 0 0 0 0 0 0 0 0 0 0 0 0 0 0 0
-16.579733177242975 5.3990866740853232 10.586378838596591 -23.76544757656135 -17.427867398426663 -22.1671878801594 18.391699748993915 11.677383513197025 -0.35904667424405184 4.6508735646419925 0.5526737089562237 0.5464585201876847 -2.9813782431237117 0.84574376396501705 -0.54932706885008731 0.3968158982990187 0.85148086128982203 -0.18167474861882785
-0.00015550838287004706 9.127665951067979e-05 0.00040635016567347075 -0.0099275199377430456 0.013617125352185859 -9.262890631824541e-05 -0.00046179228478366148 -8.383930206906885e-05 -7.5049697819892276e-05 0.00042663386778695513 6.9640710589629771e-05 0.00011764547225820951 0.00058552286767591625 0.0019316845646074976 0.013210099063108606 0.01951765429699847 0.001556436075508036 -0.00343673526142804
0.00022770657810938555 0.00046503456092761839 0.00044579175150992386 0.0026490934298359502 0.001445348796262391 0.0025218770786856362 -0.0076019787649569993 -0.0089286635698102735 0.011704973350796538 0.020846376869169101 0.044364297112494795 0.028188577706987225 -0.068812286477675733 -0.017492782805651998 0.015010460390769403 -0.005258632195868862 0.02541547506090391 -0.015530016245047157
0 0 0 0 0 0 0 0 0 0 0 0 0 0 0 0 0 0
