48 12
  -0.00000    0.00000    0.00000   -0.00000   -0.00000    0.00000    0.00000   -0.00000   -0.00000    0.00000   -0.00000   -0.00000
   0.00000   -0.00000    0.00000    0.00000    0.00000    0.00000   -0.00000    0.00000    0.00000    0.00000    0.00000    0.00000
  -0.29848   -0.26184   -0.31932    0.06687    0.50812    0.00441   -0.53839    0.05757    0.38149    0.17156    0.06269   -0.01052
   0.00000    0.00000    0.00000   -0.00000   -0.00000   -0.00000    0.00000    0.00000    0.00000   -0.00000   -0.00000   -0.00000
   0.00000    0.00000    0.00000   -0.00000    0.00000   -0.00000   -0.00000   -0.00000   -0.00000    0.00000   -0.00000   -0.00000
  -0.27121   -0.15487   -0.36244   -0.12046    0.34176   -0.04784    0.15341   -0.06667   -0.60510   -0.35993   -0.19312    0.22161
   0.00000    0.00000    0.00000   -0.00000    0.00000    0.00000   -0.00000    0.00000    0.00000   -0.00000   -0.00000   -0.00000
   0.00000    0.00000    0.00000   -0.00000    0.00000   -0.00000   -0.00000    0.00000   -0.00000    0.00000    0.00000    0.00000
  -0.21292   -0.00556   -0.32858   -0.29257    0.02759   -0.17736    0.45604    0.16016   -0.03685    0.36783    0.33510   -0.36429
   0.00000    0.00000    0.00000    0.00000    0.00000    0.00000    0.00000    0.00000   -0.00000   -0.00000   -0.00000    0.00000
   0.00000    0.00000    0.00000    0.00000    0.00000    0.00000    0.00000    0.00000    0.00000    0.00000   -0.00000   -0.00000
  -0.13016    0.14900   -0.24683   -0.40805   -0.18154   -0.22493    0.17445    0.02127    0.44938   -0.20957   -0.33494   -0.01498
   0.00000    0.00000    0.00000    0.00000    0.00000    0.00000    0.00000    0.00000    0.00000   -0.00000   -0.00000   -0.00000
   0.00000    0.00000    0.00000    0.00000    0.00000    0.00000    0.00000    0.00000    0.00000    0.00000   -0.00000    0.00000
  -0.02714    0.28179   -0.13476   -0.41464   -0.18909   -0.08178   -0.26302   -0.24955    0.11141   -0.05487    0.30859    0.42767
   0.00000    0.00000    0.00000    0.00000    0.00000    0.00000    0.00000    0.00000    0.00000    0.00000    0.00000    0.00000
   0.00000    0.00000    0.00000    0.00000    0.00000    0.00000    0.00000    0.00000    0.00000    0.00000    0.00000    0.00000
   0.08349    0.35845   -0.04417   -0.33893   -0.00117    0.11148   -0.40322   -0.08361   -0.32254    0.22772   -0.35730   -0.13017
   0.00000    0.00000    0.00000    0.00000    0.00000    0.00000    0.00000    0.00000    0.00000    0.00000    0.00000    0.00000
   0.00000    0.00000    0.00000    0.00000    0.00000    0.00000    0.00000    0.00000    0.00000    0.00000    0.00000    0.00000
   0.19418    0.35880    0.00465   -0.17591    0.26457    0.23489   -0.10622    0.26387   -0.15877    0.02391    0.35072   -0.26939
   0.00000    0.00000    0.00000    0.00000    0.00000    0.00000    0.00000    0.00000    0.00000    0.00000    0.00000    0.00000
   0.00000    0.00000    0.00000    0.00000    0.00000    0.00000    0.00000    0.00000    0.00000    0.00000    0.00000    0.00000
   0.28944    0.28218   -0.00478   -0.02894    0.42147    0.12343    0.16729    0.26231    0.18999   -0.29558   -0.17248    0.00477
   0.00000    0.00000    0.00000    0.00000    0.00000    0.00000    0.00000    0.00000    0.00000    0.00000    0.00000    0.00000
   0.00000    0.00000    0.00000    0.00000    0.00000    0.00000    0.00000    0.00000    0.00000    0.00000    0.00000    0.00000
   0.36003    0.13454   -0.06523    0.07278    0.35673   -0.16357    0.24731   -0.12538    0.17472    0.04553    0.15596    0.39472
   0.00000    0.00000    0.00000    0.00000    0.00000    0.00000    0.00000    0.00000    0.00000    0.00000    0.00000    0.00000
   0.00000    0.00000    0.00000    0.00000    0.00000    0.00000    0.00000    0.00000    0.00000    0.00000    0.00000    0.00000
   0.39418   -0.03953   -0.13174    0.07125    0.15550   -0.37905    0.02498   -0.33817   -0.03153    0.33405   -0.31968   -0.19291
   0.00000    0.00000    0.00000    0.00000    0.00000    0.00000    0.00000    0.00000    0.00000    0.00000    0.00000    0.00000
   0.00000    0.00000    0.00000    0.00000    0.00000    0.00000    0.00000    0.00000    0.00000    0.00000    0.00000    0.00000
   0.38592   -0.21304   -0.17644   -0.02440   -0.09881   -0.36161   -0.20724   -0.05097   -0.18346   -0.07353    0.25042   -0.05632
   0.00000    0.00000    0.00000    0.00000    0.00000    0.00000    0.00000    0.00000    0.00000    0.00000    0.00000    0.00000
   0.00000    0.00000    0.00000    0.00000    0.00000    0.00000    0.00000    0.00000    0.00000    0.00000    0.00000    0.00000
   0.33321   -0.33244   -0.14703   -0.15943   -0.17581   -0.07901   -0.18535    0.32086   -0.01154   -0.38993    0.13953   -0.10454
   0.00000    0.00000    0.00000    0.00000    0.00000    0.00000    0.00000    0.00000    0.00000    0.00000    0.00000    0.00000
   0.00000    0.00000    0.00000    0.00000    0.00000    0.00000    0.00000    0.00000    0.00000    0.00000    0.00000    0.00000
   0.23840   -0.37650   -0.03313   -0.29397   -0.06872    0.26876    0.03686    0.34367    0.08092    0.25858   -0.34485    0.13577
   0.00000    0.00000    0.00000    0.00000    0.00000    0.00000    0.00000    0.00000    0.00000    0.00000    0.00000    0.00000
   0.00000    0.00000    0.00000    0.00000    0.00000    0.00000    0.00000    0.00000    0.00000    0.00000    0.00000    0.00000
   0.11347   -0.33027    0.15309   -0.35448    0.11645    0.36637    0.17468   -0.25723   -0.04357    0.22538    0.17244    0.26965
   0.00000    0.00000    0.00000    0.00000    0.00000    0.00000    0.00000    0.00000    0.00000    0.00000    0.00000    0.00000
   0.00000    0.00000    0.00000    0.00000    0.00000    0.00000    0.00000    0.00000    0.00000    0.00000    0.00000    0.00000
  -0.02994   -0.20373    0.37887   -0.32972    0.24185    0.01031    0.00080   -0.44255    0.14139   -0.33789    0.02625   -0.45417
   0.00000    0.00000    0.00000    0.00000    0.00000    0.00000    0.00000    0.00000    0.00000    0.00000    0.00000    0.00000
   0.00000    0.00000    0.00000    0.00000    0.00000    0.00000    0.00000    0.00000    0.00000    0.00000    0.00000    0.00000
  -0.17414   -0.03269    0.57895   -0.23056    0.19754   -0.55867   -0.07875    0.37773   -0.11627    0.12671   -0.02453    0.20215
