48 3
  -0.00000    0.00000    0.00000
   0.00000   -0.00000    0.00000
  -0.29848   -0.26184   -0.31932
   0.00000    0.00000    0.00000
   0.00000    0.00000    0.00000
  -0.27121   -0.15487   -0.36244
   0.00000    0.00000    0.00000
   0.00000    0.00000    0.00000
  -0.21292   -0.00556   -0.32858
   0.00000    0.00000    0.00000
   0.00000    0.00000    0.00000
  -0.13016    0.14900   -0.24683
   0.00000    0.00000    0.00000
   0.00000    0.00000    0.00000
  -0.02714    0.28179   -0.13476
   0.00000    0.00000    0.00000
   0.00000    0.00000    0.00000
   0.08349    0.35845   -0.04417
   0.00000    0.00000    0.00000
   0.00000    0.00000    0.00000
   0.19418    0.35880    0.00465
   0.00000    0.00000    0.00000
   0.00000    0.00000    0.00000
   0.28944    0.28218   -0.00478
   0.00000    0.00000    0.00000
   0.00000    0.00000    0.00000
   0.36003    0.13454   -0.06523
   0.00000    0.00000    0.00000
   0.00000    0.00000    0.00000
   0.39418   -0.03953   -0.13174
   0.00000    0.00000    0.00000
   0.00000    0.00000    0.00000
   0.38592   -0.21304   -0.17644
   0.00000    0.00000    0.00000
   0.00000    0.00000    0.00000
   0.33321   -0.33244   -0.14703
   0.00000    0.00000    0.00000
   0.00000    0.00000    0.00000
   0.23840   -0.37650   -0.03313
   0.00000    0.00000    0.00000
   0.00000    0.00000    0.00000
   0.11347   -0.33027    0.15309
   0.00000    0.00000    0.00000
   0.00000    0.00000    0.00000
  -0.02994   -0.20373    0.37887
   0.00000    0.00000    0.00000
   0.00000    0.00000    0.00000
  -0.17414   -0.03269    0.57895
