96 11
  -0.00000    0.00000    0.00000    0.00000   -0.00000    0.00000    0.00000    0.00000    0.00000   -0.00000   -0.00000
   0.00000    0.00000   -0.00000   -0.00000   -0.00000    0.00000   -0.00000    0.00000    0.00000   -0.00000    0.00000
  -0.24157   -0.29968    0.39947    0.48936    0.33911   -0.51715   -0.15124    0.20109    0.01566   -0.04742   -0.01185
  -0.00226    0.00120    0.00613   -0.14619    0.20011    0.00031   -0.00610    0.00298   -0.00002    0.00188   -0.00691
  -0.00480    0.00176    0.00455    0.03185    0.02032   -0.05669   -0.06010    0.01784   -0.26820    0.23266    0.37516
   0.00000   -0.00000    0.00000    0.00000   -0.00000    0.00000    0.00000   -0.00000    0.00000    0.00000    0.00000
   0.00000   -0.00000   -0.00000    0.00000    0.00000   -0.00000    0.00000    0.00000    0.00000    0.00000   -0.00000
   0.00000   -0.00000   -0.00000    0.00000   -0.00000    0.00000    0.00000   -0.00000    0.00000   -0.00000    0.00000
  -0.13524   -0.32791    0.33251    0.06565    0.05108    0.21793    0.46354   -0.51886    0.00158    0.31859   -0.12274
  -0.00230    0.00122    0.00622   -0.14748    0.20141    0.00002   -0.00656    0.00300   -0.00075    0.00137   -0.00931
  -0.00595    0.00099    0.00220    0.01047    0.00801   -0.01342    0.01101   -0.05526   -0.30877    0.12405    0.16118
   0.00000    0.00000    0.00000    0.00000    0.00000    0.00000    0.00000    0.00000    0.00000    0.00000    0.00000
   0.00000    0.00000    0.00000    0.00000    0.00000    0.00000    0.00000    0.00000   -0.00000    0.00000   -0.00000
   0.00000    0.00000    0.00000    0.00000    0.00000   -0.00000    0.00000    0.00000    0.00000    0.00000    0.00000
  -0.01260   -0.33295    0.29055   -0.08219   -0.06142    0.32543    0.16733    0.02132    0.01559   -0.31668    0.13609
  -0.00231    0.00129    0.00618   -0.14750    0.20137   -0.00054   -0.00658    0.00044   -0.00120    0.00178   -0.00683
  -0.00645   -0.00057    0.00214    0.00484    0.00427    0.00034    0.01454   -0.03722   -0.33002    0.00207    0.05501
   0.00000    0.00000    0.00000    0.00000    0.00000    0.00000    0.00000    0.00000    0.00000   -0.00000    0.00000
   0.00000    0.00000    0.00000    0.00000    0.00000    0.00000    0.00000    0.00000   -0.00000    0.00000    0.00000
   0.00000    0.00000    0.00000    0.00000    0.00000    0.00000    0.00000   -0.00000    0.00000    0.00000   -0.00000
   0.11296   -0.30549    0.24619   -0.15148   -0.11613    0.23978   -0.09831    0.27753   -0.00226   -0.22613    0.12409
  -0.00232    0.00139    0.00607   -0.14741    0.20153   -0.00116   -0.00590   -0.00240   -0.00067    0.00135   -0.00013
  -0.00624   -0.00224    0.00229    0.00193    0.00209    0.00655    0.00938   -0.01629   -0.32255   -0.05215   -0.04555
   0.00000    0.00000    0.00000    0.00000    0.00000    0.00000    0.00000    0.00000    0.00000    0.00000    0.00000
   0.00000    0.00000    0.00000    0.00000    0.00000    0.00000    0.00000    0.00000    0.00000    0.00000    0.00000
   0.00000    0.00000    0.00000    0.00000    0.00000    0.00000    0.00000    0.00000    0.00000    0.00000    0.00000
   0.22728   -0.24610    0.20099   -0.17160   -0.13251    0.07864   -0.23291    0.24028   -0.01729    0.04653    0.00700
  -0.00231    0.00147    0.00597   -0.14737    0.20188   -0.00158   -0.00503   -0.00416    0.00033    0.00010    0.00719
  -0.00531   -0.00375    0.00215   -0.00018    0.00037    0.00861    0.00324   -0.00142   -0.28079   -0.07423   -0.14251
   0.00000    0.00000    0.00000    0.00000    0.00000    0.00000    0.00000    0.00000    0.00000    0.00000    0.00000
   0.00000    0.00000    0.00000    0.00000    0.00000    0.00000    0.00000    0.00000    0.00000    0.00000    0.00000
   0.00000    0.00000    0.00000    0.00000    0.00000    0.00000    0.00000    0.00000    0.00000    0.00000    0.00000
   0.31691   -0.15993    0.16246   -0.15256   -0.11783   -0.08646   -0.23780    0.05402   -0.01920    0.22740   -0.09754
  -0.00230    0.00149    0.00594   -0.14746    0.20224   -0.00164   -0.00459   -0.00416    0.00115   -0.00122    0.01083
  -0.00374   -0.00491    0.00160   -0.00181   -0.00105    0.00756   -0.00194    0.00671   -0.20606   -0.07889   -0.22720
   0.00000    0.00000    0.00000    0.00000    0.00000    0.00000    0.00000    0.00000    0.00000    0.00000    0.00000
   0.00000    0.00000    0.00000    0.00000    0.00000    0.00000    0.00000    0.00000    0.00000    0.00000    0.00000
   0.00000    0.00000    0.00000    0.00000    0.00000    0.00000    0.00000    0.00000    0.00000    0.00000    0.00000
   0.37072   -0.05564    0.13853   -0.10352   -0.07968   -0.20301   -0.14300   -0.13925   -0.01012    0.22245   -0.11882
  -0.00229    0.00144    0.00600   -0.14766    0.20242   -0.00140   -0.00487   -0.00268    0.00141   -0.00212    0.00870
  -0.00169   -0.00556    0.00069   -0.00289   -0.00206    0.00432   -0.00525    0.00890   -0.10555   -0.07215   -0.28786
   0.00000    0.00000    0.00000    0.00000    0.00000    0.00000    0.00000    0.00000    0.00000    0.00000    0.00000
   0.00000    0.00000    0.00000    0.00000    0.00000    0.00000    0.00000    0.00000    0.00000    0.00000    0.00000
   0.00000    0.00000    0.00000    0.00000    0.00000    0.00000    0.00000    0.00000    0.00000    0.00000    0.00000
   0.38176    0.05521    0.13443   -0.03670   -0.02827   -0.23971    0.00452   -0.23637    0.00284    0.05824   -0.04641
  -0.00228    0.00133    0.00611   -0.14788    0.20233   -0.00102   -0.00572   -0.00074    0.00109   -0.00264    0.00203
   0.00058   -0.00557   -0.00036   -0.00329   -0.00255    0.00007   -0.00612    0.00710    0.00853   -0.05893   -0.31194
   0.00000    0.00000    0.00000    0.00000    0.00000    0.00000    0.00000    0.00000    0.00000    0.00000    0.00000
   0.00000    0.00000    0.00000    0.00000    0.00000    0.00000    0.00000    0.00000    0.00000    0.00000    0.00000
   0.00000    0.00000    0.00000    0.00000    0.00000    0.00000    0.00000    0.00000    0.00000    0.00000    0.00000
   0.34861    0.15959    0.15078    0.03254    0.02415   -0.19046    0.14813   -0.19482    0.01170   -0.14844    0.06261
  -0.00228    0.00124    0.00621   -0.14799    0.20205   -0.00072   -0.00658    0.00059    0.00064   -0.00312   -0.00527
   0.00277   -0.00492   -0.00132   -0.00291   -0.00243   -0.00392   -0.00435    0.00403    0.12112   -0.04327   -0.29225
   0.00000    0.00000    0.00000    0.00000    0.00000    0.00000    0.00000    0.00000    0.00000    0.00000    0.00000
   0.00000    0.00000    0.00000    0.00000    0.00000    0.00000    0.00000    0.00000    0.00000    0.00000    0.00000
   0.00000    0.00000    0.00000    0.00000    0.00000    0.00000    0.00000    0.00000    0.00000    0.00000    0.00000
   0.27562    0.24512    0.18345    0.08822    0.06523   -0.07367    0.23366   -0.03958    0.01089   -0.25477    0.12239
  -0.00228    0.00119    0.00626   -0.14791    0.20173   -0.00062   -0.00687    0.00077    0.00052   -0.00380   -0.00891
   0.00461   -0.00370   -0.00195   -0.00182   -0.00175   -0.00654   -0.00046    0.00239    0.21776   -0.02684   -0.23167
   0.00000    0.00000    0.00000    0.00000    0.00000    0.00000    0.00000    0.00000    0.00000    0.00000    0.00000
   0.00000    0.00000    0.00000    0.00000    0.00000    0.00000    0.00000    0.00000    0.00000    0.00000    0.00000
   0.00000    0.00000    0.00000    0.00000    0.00000    0.00000    0.00000    0.00000    0.00000    0.00000    0.00000
   0.17193    0.30228    0.22462    0.11715    0.08494    0.07318    0.22422    0.14925   -0.00031   -0.17677    0.08345
  -0.00227    0.00123    0.00623   -0.14766    0.20156   -0.00069   -0.00635    0.00002    0.00086   -0.00442   -0.00669
   0.00588   -0.00209   -0.00213   -0.00024   -0.00064   -0.00700    0.00439    0.00408    0.28714   -0.00849   -0.14263
   0.00000    0.00000    0.00000    0.00000    0.00000    0.00000    0.00000    0.00000    0.00000    0.00000    0.00000
   0.00000    0.00000    0.00000    0.00000    0.00000    0.00000    0.00000    0.00000    0.00000    0.00000    0.00000
   0.00000    0.00000    0.00000    0.00000    0.00000    0.00000    0.00000    0.00000    0.00000    0.00000    0.00000
   0.04993    0.32566    0.26449    0.11124    0.07688    0.20084    0.11030    0.26212   -0.01634    0.05607   -0.02950
  -0.00227    0.00132    0.00615   -0.14735    0.20160   -0.00083   -0.00530   -0.00103    0.00132   -0.00428   -0.00002
   0.00647   -0.00032   -0.00178    0.00155    0.00071   -0.00492    0.00875    0.00960    0.32218    0.01443   -0.04028
   0.00000    0.00000    0.00000    0.00000    0.00000    0.00000    0.00000    0.00000    0.00000    0.00000    0.00000
   0.00000    0.00000    0.00000    0.00000    0.00000    0.00000    0.00000    0.00000    0.00000    0.00000    0.00000
   0.00000    0.00000    0.00000    0.00000    0.00000    0.00000    0.00000    0.00000    0.00000    0.00000    0.00000
  -0.07637    0.31390    0.29283    0.06706    0.03813    0.25535   -0.08795    0.19334   -0.02489    0.29384   -0.13241
  -0.00227    0.00141    0.00607   -0.14716    0.20181   -0.00095   -0.00435   -0.00183    0.00149   -0.00281    0.00691
   0.00632    0.00142   -0.00092    0.00342    0.00222   -0.00018    0.01123    0.01786    0.31955    0.04561    0.06311
   0.00000    0.00000    0.00000    0.00000    0.00000    0.00000    0.00000    0.00000    0.00000    0.00000    0.00000
   0.00000    0.00000    0.00000    0.00000    0.00000    0.00000    0.00000    0.00000    0.00000    0.00000    0.00000
   0.00000    0.00000    0.00000    0.00000    0.00000    0.00000    0.00000    0.00000    0.00000    0.00000    0.00000
  -0.19276    0.26929    0.30035   -0.01792   -0.03303    0.18453   -0.31692   -0.10664   -0.00746    0.26015   -0.11585
  -0.00228    0.00146    0.00600   -0.14717    0.20205   -0.00104   -0.00411   -0.00221    0.00119   -0.00013    0.00966
   0.00546    0.00297    0.00036    0.00556    0.00391    0.00698    0.00992    0.02422    0.27920    0.09316    0.16007
   0.00000    0.00000    0.00000    0.00000    0.00000    0.00000    0.00000    0.00000    0.00000    0.00000    0.00000
   0.00000    0.00000    0.00000    0.00000    0.00000    0.00000    0.00000    0.00000    0.00000    0.00000    0.00000
   0.00000    0.00000    0.00000    0.00000    0.00000    0.00000    0.00000    0.00000    0.00000    0.00000    0.00000
  -0.28620    0.19794    0.27984   -0.15913   -0.14585   -0.05569   -0.43377   -0.47390    0.05040   -0.42193    0.12854
  -0.00229    0.00144    0.00598   -0.14735    0.20215   -0.00111   -0.00475   -0.00216    0.00044    0.00318    0.00632
   0.00399    0.00410    0.00196    0.00936    0.00648    0.01605   -0.00166    0.01301    0.20441    0.17545    0.25127
   0.00000    0.00000    0.00000    0.00000    0.00000    0.00000    0.00000    0.00000    0.00000    0.00000    0.00000
   0.00000    0.00000    0.00000    0.00000    0.00000    0.00000    0.00000    0.00000    0.00000    0.00000    0.00000
   0.00000    0.00000    0.00000    0.00000    0.00000    0.00000    0.00000    0.00000    0.00000    0.00000    0.00000
  -0.34679    0.11293    0.22143   -0.49709   -0.36453   -0.46366    0.38469    0.24425   -0.00751    0.09728    0.01156
  -0.00230    0.00135    0.00601   -0.14683    0.20140   -0.00137   -0.00683   -0.00124   -0.00111    0.00631    0.00103
   0.00213    0.00435    0.00417    0.02478    0.01352    0.02359   -0.07111   -0.08352    0.10949    0.19500    0.41499
   0.00000    0.00000    0.00000    0.00000    0.00000    0.00000    0.00000    0.00000    0.00000    0.00000    0.00000
