48 6
  -0.00000    0.00000    0.00000   -0.00000   -0.00000    0.00000
   0.00000   -0.00000    0.00000    0.00000    0.00000    0.00000
  -0.29848   -0.26184   -0.31932    0.06687    0.50812    0.00441
   0.00000    0.00000    0.00000   -0.00000   -0.00000   -0.00000
   0.00000    0.00000    0.00000   -0.00000    0.00000   -0.00000
  -0.27121   -0.15487   -0.36244   -0.12046    0.34176   -0.04784
   0.00000    0.00000    0.00000   -0.00000    0.00000    0.00000
   0.00000    0.00000    0.00000   -0.00000    0.00000   -0.00000
  -0.21292   -0.00556   -0.32858   -0.29257    0.02759   -0.17736
   0.00000    0.00000    0.00000    0.00000    0.00000    0.00000
   0.00000    0.00000    0.00000    0.00000    0.00000    0.00000
  -0.13016    0.14900   -0.24683   -0.40805   -0.18154   -0.22493
   0.00000    0.00000    0.00000    0.00000    0.00000    0.00000
   0.00000    0.00000    0.00000    0.00000    0.00000    0.00000
  -0.02714    0.28179   -0.13476   -0.41464   -0.18909   -0.08178
   0.00000    0.00000    0.00000    0.00000    0.00000    0.00000
   0.00000    0.00000    0.00000    0.00000    0.00000    0.00000
   0.08349    0.35845   -0.04417   -0.33893   -0.00117    0.11148
   0.00000    0.00000    0.00000    0.00000    0.00000    0.00000
   0.00000    0.00000    0.00000    0.00000    0.00000    0.00000
   0.19418    0.35880    0.00465   -0.17591    0.26457    0.23489
   0.00000    0.00000    0.00000    0.00000    0.00000    0.00000
   0.00000    0.00000    0.00000    0.00000    0.00000    0.00000
   0.28944    0.28218   -0.00478   -0.02894    0.42147    0.12343
   0.00000    0.00000    0.00000    0.00000    0.00000    0.00000
   0.00000    0.00000    0.00000    0.00000    0.00000    0.00000
   0.36003    0.13454   -0.06523    0.07278    0.35673   -0.16357
   0.00000    0.00000    0.00000    0.00000    0.00000    0.00000
   0.00000    0.00000    0.00000    0.00000    0.00000    0.00000
   0.39418   -0.03953   -0.13174    0.07125    0.15550   -0.37905
   0.00000    0.00000    0.00000    0.00000    0.00000    0.00000
   0.00000    0.00000    0.00000    0.00000    0.00000    0.00000
   0.38592   -0.21304   -0.17644   -0.02440   -0.09881   -0.36161
   0.00000    0.00000    0.00000    0.00000    0.00000    0.00000
   0.00000    0.00000    0.00000    0.00000    0.00000    0.00000
   0.33321   -0.33244   -0.14703   -0.15943   -0.17581   -0.07901
   0.00000    0.00000    0.00000    0.00000    0.00000    0.00000
   0.00000    0.00000    0.00000    0.00000    0.00000    0.00000
   0.23840   -0.37650   -0.03313   -0.29397   -0.06872    0.26876
   0.00000    0.00000    0.00000    0.00000    0.00000    0.00000
   0.00000    0.00000    0.00000    0.00000    0.00000    0.00000
   0.11347   -0.33027    0.15309   -0.35448    0.11645    0.36637
   0.00000    0.00000    0.00000    0.00000    0.00000    0.00000
   0.00000    0.00000    0.00000    0.00000    0.00000    0.00000
  -0.02994   -0.20373    0.37887   -0.32972    0.24185    0.01031
   0.00000    0.00000    0.00000    0.00000    0.00000    0.00000
   0.00000    0.00000    0.00000    0.00000    0.00000    0.00000
  -0.17414   -0.03269    0.57895   -0.23056    0.19754   -0.55867
