96 7
-0 0 0 0 -0 0 0
0 0 -0 -0 -0 0 -0
-11.549255006276379 -14.327444385813244 19.098318902832411 23.395882890555157 16.212558948455449 -24.724499012691268 -7.2306549950293482
-0.00015280388925491579 8.1134808453937584e-05 0.00041446364651886455 -0.0098842480399009471 0.013529905433097877 2.0959825517267212e-05 -0.0004124352763075161
-0.00051314158447185476 0.00018815191430634676 0.00048641546028061237 0.0034049082219642867 0.0021722993742641855 -0.0060604159216061347 -0.0064249602555746816
0 -0 0 0 -0 0 0
0 -0 -0 0 0 -0 0
0 -0 -0 0 -0 0 0
-6.4657086850553362 -15.677096531473641 15.897018595591168 3.1386703281121178 2.4420910945920333 10.419046833289777 22.161450782834592
-0.00015550838287004706 8.2487055261503217e-05 0.00042054875715290984 -0.0099714679589889294 0.013617801475589643 1.3522468075656266e-06 -0.00044353695288152549
-0.00063608175575157009 0.00010583545179732005 0.00023518989288293346 0.0011192900811292333 0.00085630501908740767 -0.001434658346585894 0.0011770185093823171
0 0 0 0 0 0 0
0 0 0 0 0 0 0
0 0 0 0 0 -0 0
-0.60239521910453442 -15.918054619115455 13.890946897684321 -3.9294335760477526 -2.9364376474127383 15.558529853427668 7.999904127996964
-0.00015618450627382987 8.7219919087982905e-05 0.00041784426353777857 -0.0099728202057964947 0.013615096981974511 -3.651066380427192e-05 -0.00044488919968909112
-0.00068953400413405486 -6.0935563156032751e-05 0.00022877562307703527 0.00051741776434245353 0.00045648220118642085 3.6347528900089716e-05 0.0015543913829626603
0 0 0 0 0 0 0
0 0 0 0 0 0 0
0 0 0 0 0 0 0
5.4005209484165242 -14.605215514622556 11.770133253281374 -7.2421291896789581 -5.5520759360801257 11.463676637848035 -4.700116983346569
-0.00015686062967761269 9.3981153125811042e-05 0.00041040690609616765 -0.0099667350951624517 0.013625914956435035 -7.8430314838806345e-05 -0.00039891280823185982
-0.00066708405981341125 -0.0002394660727535322 0.0002448112975917807 0.00020632567875639163 0.00022343039823878675 0.0007002244538105519 0.0010027641796554162
0 0 0 0 0 0 0
0 0 0 0 0 0 0
0 0 0 0 0 0 0
10.866062333180841 -11.765830430287771 9.6091599276047912 -8.2040491744712778 -6.33518972091602 3.7597111135222687 -11.135227816002946
-0.00015618450627382987 9.9390140356073547e-05 0.00040364567205833948 -0.0099640306015473194 0.013649579275567435 -0.0001068274977976845 -0.00034009007210275506
-0.00056766287782198928 -0.00040089186286863652 0.00022984466804468496 -1.9242809417694555e-05 3.9554663803038803e-05 0.00092044771714638949 0.00034637056951850194
0 0 0 0 0 0 0
0 0 0 0 0 0 0
0 0 0 0 0 0 0
15.15119594336651 -7.6461164596339826 7.7670735948986236 -7.2937630656022039 -5.6333514815148646 -4.1335786225220668 -11.369014531988753
-0.00015550838287004706 0.00010074238716363918 0.00040161730184699109 -0.0099701157121813658 0.013673919718103616 -0.00011088423822038137 -0.0003103406423363113
-0.00039982281790098683 -0.00052490107911600155 0.00017104719482395161 -0.00019349713914459525 -0.00011224972160321823 0.00080819799554317131 -0.00020739472372404132
0 0 0 0 0 0 0
0 0 0 0 0 0 0
0 0 0 0 0 0 0
17.723806002097856 -2.6601007929346268 6.6230007700437419 -4.9492026255318571 -3.8094326236705793 -9.7057343992390095 -6.8367076453927309
-0.00015483225946626424 9.7361770144725111e-05 0.00040567404226968799 -0.0099836381802570224 0.013686089939371706 -9.4657276529593859e-05 -0.00032927209764223005
-0.00018066859953279888 -0.00059438900201323178 7.3764102767829125e-05 -0.00030895399565076257 -0.0002202232633358377 0.00046182742602466931 -0.00056124860801609123
0 0 0 0 0 0 0
0 0 0 0 0 0 0
0 0 0 0 0 0 0
18.251618955979925 2.6395428608540752 6.4269832781129015 -1.75459559850289 -1.3515645114353323 -11.460329997741901 0.21609733256765837
-0.00015415613606248142 8.9924412703114171e-05 0.00041311139971129891 -0.0099985128951402442 0.013680004828737661 -6.8964587185846955e-05 -0.00038674258696376923
6.2004608123682458e-05 -0.00059545804698088152 -3.8485618835389109e-05 -0.00035171579435675047 -0.00027260646675067289 7.4833147735478814e-06 -0.00065425552020161482
0 0 0 0 0 0 0
0 0 0 0 0 0 0
0 0 0 0 0 0 0
16.666745820002518 7.6298613505470358 7.2086627886175947 1.5557095579096467 1.1545908366170243 -9.1057296373531447 7.0819685560281496
-0.00015415613606248142 8.383930206906885e-05 0.00041987263374912708 -0.010005950252581854 0.013661073373431743 -4.8680885072362556e-05 -0.00044488919968909112
0.00029612545603896619 -0.00052597012408365118 -0.00014111393572976006 -0.00031109208558606196 -0.00025977792713887646 -0.00041906562731868142 -0.00046503456092761839
0 0 0 0 0 0 0
0 0 0 0 0 0 0
0 0 0 0 0 0 0
13.177156372189822 11.718977468801864 8.7705875352957801 4.2177227166192086 3.1185904874752999 -3.5220996659865911 11.171084674282977
-0.00015415613606248142 8.0458685050154781e-05 0.00042325325076804111 -0.010000541265351591 0.013639437424510691 -4.1919651034534425e-05 -0.00046449677839879275
0.00049282973008651053 -0.00039554663803038811 -0.00020846376869169099 -0.00019456618411224495 -0.00018708286933869707 -0.00069915540884290216 -4.9176068511886084e-05
0 0 0 0 0 0 0
0 0 0 0 0 0 0
0 0 0 0 0 0 0
8.2198261921144926 14.451748161184021 10.73889000914766 5.6008412633409685 4.0609087230745358 3.498673185243637 10.719766351398309
-0.00015348001265869861 8.3163178665286033e-05 0.00042122488055669271 -0.0099836381802570224 0.013627943326646384 -4.6652514861014113e-05 -0.0004293383614020864
0.00062859844097802207 -0.00022343039823878675 -0.00022770657810938555 -2.5657079223592738e-05 -6.8418877929580645e-05 -0.00074833147735478827 0.00046931074079821717
0 0 0 0 0 0 0
0 0 0 0 0 0 0
0 0 0 0 0 0 0
2.387110578562651 15.569525956633546 12.645040595314152 5.3182892200943179 3.6755670194251278 9.6019885559487843 5.2733486243833445
-0.00015348001265869861 8.9248289299331354e-05 0.00041581589332643018 -0.009962678354739754 0.013630647820261516 -5.6118242513973503e-05 -0.00035834540400489105
0.00069167209406935425 -3.4209438964790323e-05 -0.00019029000424164615 0.00016570196998570309 7.5902192703128526e-05 -0.00052597012408365118 0.00093541434669348542
0 0 0 0 0 0 0
0 0 0 0 0 0 0
0 0 0 0 0 0 0
-3.6511843557947055 15.007290418802647 13.999951746855618 3.2060812216785775 1.8229626749568171 12.208065015741498 -4.2048142476383967
-0.00015348001265869861 9.5333399933376675e-05 0.00041040690609616765 -0.009949832010067881 0.013644846411740954 -6.4231723359367267e-05 -0.00029411368064552376
0.00067563641955460879 0.00015180438540625705 -9.8352137023772167e-05 0.00036561337893619653 0.00023732798281823287 -1.9242809417694555e-05 0.0012005374986706102
0 0 0 0 0 0 0
0 0 0 0 0 0 0
0 0 0 0 0 0 0
-9.2156906694119076 12.874524488306353 14.359476512543406 -0.85673986717089334 -1.5791360386526008 8.8222214112190258 -15.15167403481024
-0.00015415613606248142 9.8714016952290731e-05 0.00040567404226968799 -0.0099505081334716628 0.013661073373431743 -7.0316833993412574e-05 -0.00027788671895473627
0.00058369855233673473 0.00031750635539196017 3.8485618835389109e-05 0.00059438900201323178 0.00041799658235103172 0.00074619338741948888 0.0010604926079084999
0 0 0 0 0 0 0
0 0 0 0 0 0 0
0 0 0 0 0 0 0
-13.682977119660139 9.4633420372659955 13.378910961445468 -7.6078691441352824 -6.9729637068568531 -2.6624912501532956 -20.738172554839196
-0.00015483225946626424 9.7361770144725111e-05 0.00040432179546212235 -0.009962678354739754 0.01366783460746957 -7.5049697819892276e-05 -0.00032115861679683631
0.00042654894209222927 0.00043830843673637601 0.00020953281365934071 0.0010006260897201169 0.00069274113903700389 0.0017158171730777643 -0.00017746146462984977
0 0 0 0 0 0 0
0 0 0 0 0 0 0
0 0 0 0 0 0 0
-16.579733177242975 5.3990866740853232 10.586378838596591 -23.76544757656135 -17.427867398426663 -22.1671878801594 18.391699748993915
-0.00015550838287004706 9.127665951067979e-05 0.00040635016567347075 -0.0099275199377430456 0.013617125352185859 -9.262890631824541e-05 -0.00046179228478366148
0.00022770657810938555 0.00046503456092761839 0.00044579175150992386 0.0026490934298359502 0.001445348796262391 0.0025218770786856362 -0.0076019787649569993
0 0 0 0 0 0 0
