[
[ 10010.07 3.5736177244313884e-16 4.2684459810300824e-19 -8.6266898470122082e-21 -0.00054832456015530895 -0.59005381062108109 0 0 -0.02635827023026106 0.4383282021185077 0.037182998837830258 0 0 0 -0.029473114221983104 0.42795262208301504 0.10200487886472825 0 0 0 -0.034956304794138207 0.41565878033259607 0.14420727957171581 0 0 0 -0.041695864002743437 0.41013504580506155 0.15899528259358825 0 0 0 -0.048455997319920494 0.41494244092582161 0.14514747084342558 0 0 0 -0.054000591523768911 0.42674704718206746 0.10386104676072641 0 0 0 -0.057214559732043369 0.43697947231722917 0.039819981395374862 0 0 0 -0.057297877652321569 0.43694096740385363 -0.037124715251492017 0 0 0 -0.053980188403500523 0.42355107789748642 -0.11316587386134526 0 0 0 -0.04760158828643167 0.40195235237892579 -0.17512568484300478 0 0 0 -0.038982990293232912 0.38234484576506161 -0.21463132957669803 0 0 0 -0.029192413432354156 0.37414078232426001 -0.22846630834117762 0 0 0 -0.019370992267207055 0.38113156968219691 -0.21604277147380702 0 0 0 -0.010659949117232842 0.39991940353275435 -0.17792671021220821 0 0 0 -0.0041316027596730934 0.42131633132128099 -0.117148044367395 0 0 0 -0.00062280130647897694 0.43502330497136249 -0.041761714356955075 0 ]
[ 3.5736177244313884e-16 10010.07 6.1500437313073716e-20 0.00054832456015530841 -2.1380336815580856e-20 6.6257211441294794 0 0 0.28026488155052903 -0.037182998835058621 0.43832820211846224 0 0 0 0.26129321067629369 -0.10200487884526799 0.42795262208259449 0 0 0 0.24285405954198466 -0.14420727951912726 0.41565878032976711 0 0 0 0.22483002675318192 -0.158995282491948 0.41013504579341259 0 0 0 0.20682212265179328 -0.14514747067814468 0.41494244089206717 0 0 0 0.18842619160146895 -0.10386104652061358 0.42674704710541567 0 0 0 0.16951169061569168 -0.039819981075073348 0.43697947217235061 0 0 0 0.15034867389841697 0.037124715651729291 0.43694096716775327 0 0 0 0.1314835161304041 0.11316587434104589 0.42355107755778354 0 0 0 0.11341619072981386 0.17512568541087864 0.40195235193963436 0 0 0 0.096291023129485717 0.21463133025828046 0.38234484524909956 0 0 0 0.079801083416819782 0.22846630917930369 0.37414078177530835 0 0 0 0.063338472207353655 0.21604277251910381 0.38113156916775459 0 0 0 0.046286379640345904 0.1779267115054643 0.39991940314381041 0 0 0 0.028314787624450093 0.11714804592048227 0.42131633116041256 0 0 0 0.0095417867098235732 0.041761716146393998 0.43502330512569976 0 ]
[ 4.2684459810300824e-19 6.1500437313073716e-20 10010.07 0.59005381062108186 -6.6257211441294785 -3.7038572523558272e-20 0 0 -6.9335653929605475e-07 9.9722064948486474e-07 -9.0997521936484258e-07 0 0 0 -2.0727185883012792e-06 3.1728085227092784e-06 -2.5409341192627321e-06 0 0 0 -3.3914127929199427e-06 5.4112607039785158e-06 -4.0578202716260106e-06 0 0 0 -4.5916851762471642e-06 7.4890525565057077e-06 -5.7723774541137952e-06 0 0 0 -5.6246576439783971e-06 9.1561513556652702e-06 -7.9916834733031765e-06 0 0 0 -6.4428517582891215e-06 1.0130255135916269e-05 -1.0870464482621435e-05 0 0 0 -6.9971027365198479e-06 1.0169010826711142e-05 -1.4300966477844072e-05 0 0 0 -7.2454221243421017e-06 9.2466765221502874e-06 -1.7931595042396566e-05 0 0 0 -7.1689116788904225e-06 7.7028469120782854e-06 -2.1346387269604899e-05 0 0 0 -6.7809891397162422e-06 6.2139276253397352e-06 -2.4303494684897396e-05 0 0 0 -6.1213787988372445e-06 5.5801652108528607e-06 -2.6800502742557794e-05 0 0 0 -5.2411197989688843e-06 6.4972423763174576e-06 -2.8912829575544723e-05 0 0 0 -4.192056927871304e-06 9.398624158792317e-06 -3.0530838962747548e-05 0 0 0 -3.0271125443612629e-06 1.4326195517876198e-05 -3.1249668863609964e-05 0 0 0 -1.8054724193011775e-06 2.0803761350490062e-05 -3.0532468187633544e-05 0 0 0 -5.9062720178684109e-07 2.7875345416018149e-05 -2.8146301260463859e-05 0 ]
[ -8.6266898470122022e-21 0.00054832456015530841 0.59005381062108186 10000.036118765323 -0.39029969394806213 0.00036157668819646846 0 0 1.5254585672443069e-05 -1.9669461289845765e-06 2.3821345032002062e-05 0 0 0 1.4139533193460061e-05 -5.3720853671322207e-06 2.3169290540905263e-05 0 0 0 1.305668638056225e-05 -7.5430687932436207e-06 2.2418819187226758e-05 0 0 0 1.2003088629002295e-05 -8.2296695806811368e-06 2.202402163869619e-05 0 0 0 1.0959891646242293e-05 -7.3787720470200792e-06 2.2162607526182382e-05 0 0 0 9.9078664319581132e-06 -5.070651301200252e-06 2.2642953383014304e-05 0 0 0 8.8428075001864217e-06 -1.5744533499972449e-06 2.3004846915594582e-05 0 0 0 7.7819610767629345e-06 2.5711584560060598e-06 2.2793187119594864e-05 0 0 0 6.7563177100079978e-06 6.6324397024337677e-06 2.1864663285957798e-05 0 0 0 5.7924464021240609e-06 9.9291020874636396e-06 2.0513517035718542e-05 0 0 0 4.8959466409249022e-06 1.2050743087363814e-05 1.9297381575908279e-05 0 0 0 4.0470934011712886e-06 1.2861945100485085e-05 1.872583394481521e-05 0 0 0 3.209656820328365e-06 1.2356062384479818e-05 1.9013036062628709e-05 0 0 0 2.3468407225273816e-06 1.0566102594732159e-05 1.999744618749932e-05 0 0 0 1.4371370793514758e-06 7.6294925752777135e-06 2.1209146856107705e-05 0 0 0 4.8326079425122581e-07 3.9297256944220139e-06 2.2099238687351744e-05 0 ]
[ -0.00054832456015530895 -2.1380336815580856e-20 -6.6257211441294785 -0.39029969394806213 10004.370570023191 3.2290438815595959e-05 0 0 1.8998061658835786e-06 -2.4531065043130634e-05 -1.4264498894223847e-06 0 0 0 2.9797873028900857e-06 -2.5407360157586794e-05 -3.8851213501715606e-06 0 0 0 4.149025754487268e-06 -2.6221160778710727e-05 -5.1877767902194599e-06 0 0 0 5.3088456749993271e-06 -2.7297351871001652e-05 -4.865971944958203e-06 0 0 0 6.359612596241598e-06 -2.8666987821436431e-05 -2.6493538358674955e-06 0 0 0 7.2025267129302764e-06 -2.9960865070261231e-05 1.5004625204733947e-06 0 0 0 7.7442090217719713e-06 -3.0552643440422771e-05 7.2580647490482249e-06 0 0 0 7.9131583495259358e-06 -2.9948744236734881e-05 1.3854398763383782e-05 0 0 0 7.6820059459348205e-06 -2.8205344784883483e-05 2.0261652308117211e-05 0 0 0 7.0780617860599751e-06 -2.6048109961588546e-05 2.5599536240308888e-05 0 0 0 6.1723035284172512e-06 -2.4562903023626086e-05 2.940885193622772e-05 0 0 0 5.0567275563350843e-06 -2.4722812521070491e-05 3.1562131993095497e-05 0 0 0 3.8278994024741584e-06 -2.7022128858181232e-05 3.1954760010719736e-05 0 0 0 2.5831287048280402e-06 -3.1303030629680888e-05 3.0349434699036936e-05 0 0 0 1.4201098057073418e-06 -3.6749685833687398e-05 2.6557348166821413e-05 0 0 0 4.2651684436469228e-07 -4.2167999185789329e-05 2.0864467518787527e-05 0 ]
[ -0.59005381062108109 6.6257211441294794 -3.7038572523558272e-20 0.00036157668819646846 3.2290438815595959e-05 10004.405688168674 0 0 0.18645588526136594 -0.050165939646506702 0.28631224382362402 0 0 0 0.17414964845949676 -0.092257220656786793 0.27578840203934468 0 0 0 0.16232832351456369 -0.11937221974895228 0.26531975631497623 0 0 0 0.15085005137530857 -0.12883696441679157 0.26089726915447886 0 0 0 0.13937995145220436 -0.1200449316679886 0.26496136325766761 0 0 0 0.12757932249732939 -0.093565633752580271 0.27524089635179799 0 0 0 0.11529658819481142 -0.051977576089167005 0.28582897528737888 0 0 0 0.10266269063751975 -0.0012508791198839395 0.29039899708994932 0 0 0 0.090022067790417395 0.049687648609504156 0.28611268322493139 0 0 0 0.077724738309789251 0.091840078351650811 0.27557030562369472 0 0 0 0.065914644099667116 0.11907133543386186 0.26501309109619309 0 0 0 0.054452650295768762 0.12869316531779135 0.26045367839976624 0 0 0 0.043005313182593076 0.12008600408711465 0.26436681640640169 0 0 0 0.031233272139901153 0.093817407473910056 0.27453902439307681 0 0 0 0.018982384320215737 0.052428844475429129 0.28508796740399867 0 0 0 0.0063804257597312479 0.0018468946770830476 0.28968743170155992 0 ]
[ 0 0 0 0 0 0 1 0 0 0 0 0 0 0 0 0 0 0 0 0 0 0 0 0 0 0 0 0 0 0 0 0 0 0 0 0 0 0 0 0 0 0 0 0 0 0 0 0 0 0 0 0 0 0 0 0 0 0 0 0 0 0 0 0 0 0 0 0 0 0 0 0 0 0 0 0 0 0 0 0 0 0 0 0 0 0 0 0 0 0 0 0 0 0 0 0 0 0 0 0 0 0 ]
[ 0 0 0 0 0 0 0 1 0 0 0 0 0 0 0 0 0 0 0 0 0 0 0 0 0 0 0 0 0 0 0 0 0 0 0 0 0 0 0 0 0 0 0 0 0 0 0 0 0 0 0 0 0 0 0 0 0 0 0 0 0 0 0 0 0 0 0 0 0 0 0 0 0 0 0 0 0 0 0 0 0 0 0 0 0 0 0 0 0 0 0 0 0 0 0 0 0 0 0 0 0 0 ]
[ -0.02635827023026106 0.28026488155052903 -6.9335653929605475e-07 1.5254585672443065e-05 1.8998061658835786e-06 0.18645588526136594 0 0 0.0078914617368593884 -0.0021829254535166752 0.012105743377429642 0 0 0 0.0073712107977025069 -0.0039619816349790588 0.011651718081115649 0 0 0 0.0068719255997726171 -0.0051073133339113817 0.011203172300063543 0 0 0 0.0063873205138552398 -0.0055069812974191884 0.011014163121183817 0 0 0 0.0059030586767246833 -0.0051358083178244191 0.011188125661460952 0 0 0 0.0054046409855266868 -0.0040173877568351586 0.011628815339149133 0 0 0 0.0048855003989087863 -0.0022595953907136694 0.012085732974968124 0 0 0 0.004351064657802532 -0.00011375077867558927 0.012289861650916688 0 0 0 0.0038158667668073969 0.0020429446415596865 0.012119221935668069 0 0 0 0.0032947611320326923 0.0038291332676688964 0.011681955376138989 0 0 0 0.0027939517532877783 0.0049838475743520256 0.011240926834831166 0 0 0 0.0023077021233116686 0.0053920387857434729 0.011050030837844149 0 0 0 0.0018220659711189308 0.0050269574747817064 0.011213886685264182 0 0 0 0.0013228466717098016 0.0039130773295599037 0.01163892864964969 0 0 0 0.00080367339035088841 0.002159191259238892 0.012076738837581742 0 0 0 0.00027006877380675429 1.7453915330342812e-05 0.012260811547076868 0 ]
[ 0.4383282021185077 -0.037182998835058621 9.9722064948486474e-07 -1.9669461289845765e-06 -2.4531065043130634e-05 -0.050165939646506702 0 0 -0.0021829254535166752 0.084846464980798356 3.0702524266136664e-14 0 0 0 -0.0022484730306303068 0.019010440392470119 0.0028606499215515315 0 0 0 -0.0024191076770528658 0.01863103793530739 0.0047436124404359285 0 0 0 -0.0026459797359335122 0.018445151228600451 0.0054079063727487655 0 0 0 -0.0028738071966969625 0.018603320428980313 0.0047871957102899347 0 0 0 -0.0030472750901423154 0.018964804354857631 0.0029459232386401307 0 0 0 -0.0031173487806414389 0.019173781554644293 0.000119689442594953 0 0 0 -0.0030501916333451166 0.018887884370904637 -0.0032304473170687354 0 0 0 -0.0028360501492115933 0.018023986868899444 -0.0064919250308098529 0 0 0 -0.0024915794104649765 0.01685467934625192 -0.0091099592613416054 0 0 0 -0.0020530562228776436 0.015855014133148965 -0.010757663122254865 0 0 0 -0.0015658498709595473 0.015446693753562441 -0.011329752903146931 0 0 0 -0.001077401462009255 0.015796972779577687 -0.010814637628179845 0 0 0 -0.00063512301056062553 0.016755815415830645 -0.0092244104308577182 0 0 0 -0.00028448573522478742 0.01791197343486978 -0.0066570594947283563 0 0 0 -6.2363371836746546e-05 0.018787258394893289 -0.0034252651837445359 0 ]
[ 0.037182998837830258 0.4383282021184623 -9.0997521936484258e-07 2.3821345032002065e-05 -1.4264498894223847e-06 0.28631224382362402 0 0 0.012105743377429644 3.0702524266136664e-14 0.045471464980798348 0 0 0 0.011268200731789212 -0.002860649921122897 0.019010440392465234 0 0 0 0.010445080500627276 -0.0047436124389117649 0.018631037935247053 0 0 0 0.0096353942868227273 -0.0054079063694153807 0.018445151228290522 0 0 0 0.0088263343412017334 -0.0047871957044731944 0.018603320427974596 0 0 0 0.0080048691579217585 -0.0029459232297768317 0.018964804352412833 0 0 0 0.0071694336553205134 -0.00011968943032892814 0.019173781549813598 0 0 0 0.0063347415223194261 0.00323044733287558 0.01888788436279568 0 0 0 0.0055255813239361521 0.0064919250502565732 0.018023986857013768 0 0 0 0.0047624663394986973 0.0091099592848307934 0.016854679330753575 0 0 0 0.0040486483858587548 0.010757663150782639 0.015855014115010016 0 0 0 0.003366818227598478 0.011329752938318206 0.015446693734661643 0 0 0 0.0026862919239346735 0.010814637671823561 0.015796972762806956 0 0 0 0.0019759972354119974 0.0092244104843230441 0.016755815405027449 0 0 0 0.0012176037526198226 0.0066570595581562728 0.017911973434267179 0 0 0 0.00041316212754913847 0.0034252652559004578 0.018787258407992658 0 ]
[ 0 0 0 0 0 0 0 0 0 0 0 1 0 0 0 0 0 0 0 0 0 0 0 0 0 0 0 0 0 0 0 0 0 0 0 0 0 0 0 0 0 0 0 0 0 0 0 0 0 0 0 0 0 0 0 0 0 0 0 0 0 0 0 0 0 0 0 0 0 0 0 0 0 0 0 0 0 0 0 0 0 0 0 0 0 0 0 0 0 0 0 0 0 0 0 0 0 0 0 0 0 0 ]
[ 0 0 0 0 0 0 0 0 0 0 0 0 1 0 0 0 0 0 0 0 0 0 0 0 0 0 0 0 0 0 0 0 0 0 0 0 0 0 0 0 0 0 0 0 0 0 0 0 0 0 0 0 0 0 0 0 0 0 0 0 0 0 0 0 0 0 0 0 0 0 0 0 0 0 0 0 0 0 0 0 0 0 0 0 0 0 0 0 0 0 0 0 0 0 0 0 0 0 0 0 0 0 ]
[ 0 0 0 0 0 0 0 0 0 0 0 0 0 1 0 0 0 0 0 0 0 0 0 0 0 0 0 0 0 0 0 0 0 0 0 0 0 0 0 0 0 0 0 0 0 0 0 0 0 0 0 0 0 0 0 0 0 0 0 0 0 0 0 0 0 0 0 0 0 0 0 0 0 0 0 0 0 0 0 0 0 0 0 0 0 0 0 0 0 0 0 0 0 0 0 0 0 0 0 0 0 0 ]
[ -0.029473114221983104 0.26129321067629369 -2.0727185883012792e-06 1.4139533193460061e-05 2.9797873028900857e-06 0.17414964845949676 0 0 0.0073712107977025078 -0.0022484730306303068 0.011268200731789213 0 0 0 0.0068879432933654948 -0.0039021580949220947 0.010813501116363738 0 0 0 0.0064249803804682258 -0.0049641369396480027 0.010375050947825915 0 0 0 0.0059764352915265872 -0.0053342209053618712 0.010191876813930981 0 0 0 0.0055282094174384693 -0.004990638020503751 0.010361063577024175 0 0 0 0.0050661828896894278 -0.0039536931621441482 0.010792280344550641 0 0 0 0.0045836896164813731 -0.0023197809296780741 0.011249731010540614 0 0 0 0.0040854006994693014 -0.00031896013841674033 0.011477746378807642 0 0 0 0.0035847355880880352 0.0016985467779050089 0.011355880203742221 0 0 0 0.0030957115297503158 0.0033746299283381595 0.010978502177696688 0 0 0 0.0026245145499147349 0.0044609471237512738 0.01058665936661261 0 0 0 0.0021663172323252711 0.0048455994302374541 0.010415509371981727 0 0 0 0.0017086723338452484 0.0045017720516622606 0.010562343000183034 0 0 0 0.0012388990801509958 0.003453923427996497 0.010940174335614315 0 0 0 0.00075158057799055446 0.0018079789060986571 0.011318841925952897 0 0 0 0.00025227588268829956 -0.00019590238090616086 0.011453746079206602 0 ]
[ 0.42795262208301504 -0.10200487884526799 3.1728085227092784e-06 -5.3720853671322207e-06 -2.5407360157586801e-05 -0.092257220656786793 0 0 -0.0039619816349790596 0.019010440392470119 -0.0028606499211228965 0 0 0 -0.0039021580949220942 0.084857694725219465 3.070677188899344e-14 0 0 0 -0.003948430569680644 0.019138971054150536 0.0019193224179320598 0 0 0 -0.0040523412916558072 0.019053963357164475 0.0026042208882184202 0 0 0 -0.0041572904859068591 0.019118037265260134 0.0019665684104308197 0 0 0 -0.0042066117876764075 0.019201543858195495 9.1075516490591281e-05 0 0 0 -0.0041515594501221218 0.018987525222007903 -0.0027361899807034282 0 0 0 -0.0039608475618771542 0.018205900362123391 -0.0060081050587885492 0 0 0 -0.0036285169733281972 0.0168656267376344 -0.0091062516551059808 0 0 0 -0.0031740995294918884 0.015318990017227118 -0.011522333597041103 0 0 0 -0.0026339700573420146 0.014084653460524732 -0.013003669323437207 0 0 0 -0.0020504379436615226 0.013595505918491462 -0.013508879064930941 0 0 0 -0.0014658711114750123 0.014018747464712522 -0.013051396187458167 0 0 0 -0.00092255089052310747 0.015204138773166393 -0.011620847681303174 0 0 0 -0.0004627354836862623 0.01673022018238856 -0.009252951881580455 0 0 0 -0.00012321146435873619 0.018077340776999132 -0.0061858681273951593 0 ]
[ 0.10200487886472825 0.42795262208259449 -2.5409341192627321e-06 2.3169290540905263e-05 -3.8851213501715606e-06 0.27578840203934468 0 0 0.011651718081115651 0.0028606499215515328 0.019010440392465234 0 0 0 0.010813501116363738 3.070677188899344e-14 0.045482694725219451 0 0 0 0.0099737501064802465 -0.0019193224175028769 0.019138971054143281 0 0 0 0.0091389049077343423 -0.0026042208866891023 0.019053963357085993 0 0 0 0.0083045370705931154 -0.0019665684070829157 0.019118037264894444 0 0 0 0.0074659891196529457 -9.1075510657954051e-05 0.019201543857103483 0 0 0 0.006629012940731956 0.0027361899895636094 0.018987525219556951 0 0 0 0.0058132032388592183 0.0060081050710578008 0.018205900357662057 0 0 0 0.0050445368499362139 0.0091062516710889232 0.016865626730775133 0 0 0 0.0043408291007396051 0.011522333617182618 0.015318990008123604 0 0 0 0.0036998962822053145 0.013003669348524869 0.014084653450068003 0 0 0 0.0030978587798114027 0.01350887909609646 0.01359550590843644 0 0 0 0.0024972961727198154 0.01305139622585566 0.014018747457742682 0 0 0 0.0018604082056204428 0.01162084772754071 0.015204138772748052 0 0 0 0.001162289782828267 0.0092529519351904933 0.016730220192196846 0 0 0 0.00039947994364828294 0.0061858681868579048 0.018077340799921352 0 ]
[ 0 0 0 0 0 0 0 0 0 0 0 0 0 0 0 0 0 1 0 0 0 0 0 0 0 0 0 0 0 0 0 0 0 0 0 0 0 0 0 0 0 0 0 0 0 0 0 0 0 0 0 0 0 0 0 0 0 0 0 0 0 0 0 0 0 0 0 0 0 0 0 0 0 0 0 0 0 0 0 0 0 0 0 0 0 0 0 0 0 0 0 0 0 0 0 0 0 0 0 0 0 0 ]
[ 0 0 0 0 0 0 0 0 0 0 0 0 0 0 0 0 0 0 1 0 0 0 0 0 0 0 0 0 0 0 0 0 0 0 0 0 0 0 0 0 0 0 0 0 0 0 0 0 0 0 0 0 0 0 0 0 0 0 0 0 0 0 0 0 0 0 0 0 0 0 0 0 0 0 0 0 0 0 0 0 0 0 0 0 0 0 0 0 0 0 0 0 0 0 0 0 0 0 0 0 0 0 ]
[ 0 0 0 0 0 0 0 0 0 0 0 0 0 0 0 0 0 0 0 1 0 0 0 0 0 0 0 0 0 0 0 0 0 0 0 0 0 0 0 0 0 0 0 0 0 0 0 0 0 0 0 0 0 0 0 0 0 0 0 0 0 0 0 0 0 0 0 0 0 0 0 0 0 0 0 0 0 0 0 0 0 0 0 0 0 0 0 0 0 0 0 0 0 0 0 0 0 0 0 0 0 0 ]
[ -0.034956304794138207 0.24285405954198466 -3.3914127929199427e-06 1.3056686380562252e-05 4.149025754487268e-06 0.16232832351456369 0 0 0.0068719255997726179 -0.0024191076770528658 0.010445080500627276 0 0 0 0.0064249803804682249 -0.003948430569680644 0.0099737501064802465 0 0 0 0.0059990603224728467 -0.0049263790553281056 0.0095346458491839432 0 0 0 0.005587091642786657 -0.0052663493018400755 0.0093535231717387854 0 0 0 0.0051755551721392656 -0.0049507668934359473 0.0095214463835346964 0 0 0 0.0047502667209119304 -0.0039959257570685172 0.0099535299243716929 0 0 0 0.0043041917024452571 -0.0024849651319378842 0.010427130795207351 0 0 0 0.0038410702260643979 -0.00062514780683187426 0.010697153807261155 0 0 0 0.0033731729919076964 0.0012602885387765319 0.010641273276315011 0 0 0 0.0029137862569877594 0.0028345835028432288 0.010337251332438537 0 0 0 0.0024692789478922158 0.0038591812980777224 0.010002876925929202 0 0 0 0.0020359682914196232 0.0042229482672638263 0.009854303822832252 0 0 0 0.0016031431552457917 0.0038980806005506179 0.0099815535321440534 0 0 0 0.0011598752548347619 0.0029098512886259796 0.010304176124769804 0 0 0 0.00070193699956556932 0.0013636401312947034 0.010610501246483231 0 0 0 0.00023512711435850597 -0.00050954357794089338 0.010679195503078151 0 ]
[ 0.41565878033259607 -0.14420727951912726 5.4112607039785158e-06 -7.5430687932436207e-06 -2.6221160778710727e-05 -0.11937221974895228 0 0 -0.0051073133339113817 0.01863103793530739 -0.0047436124389117641 0 0 0 -0.0049641369396480027 0.019138971054150536 -0.0019193224175028769 0 0 0 -0.0049263790553281048 0.084868121174053762 3.0706767447616576e-14 0 0 0 -0.004946476152345637 0.01922817879994498 0.00069025592260912676 0 0 0 -0.0049676542609067903 0.01922830459622827 4.9077190424616794e-05 0 0 0 -0.0049330375784379368 0.019124196508271962 -0.0018263096077084403 0 0 0 -0.0047946740336321072 0.018628882891521807 -0.0046194811421133757 0 0 0 -0.0045233747814280821 0.017524126914608154 -0.0077986339309228997 0 0 0 -0.0041158008811095388 0.015880585125656956 -0.010749028114325149 0 0 0 -0.0035931748338902097 0.01409970276187949 -0.012999825960602177 0 0 0 -0.002991489708408227 0.012723034529167052 -0.014351263857595865 0 0 0 -0.0023504804191459808 0.012185651663145471 -0.014805365526195591 0 0 0 -0.0017085883146762384 0.012652660438491316 -0.014392196182782896 0 0 0 -0.0011041306195492154 0.013975533446925795 -0.013086430456934682 0 0 0 -0.00057668891643742953 0.015731142397561765 -0.010881549706258858 0 0 0 -0.0001625386531557849 0.017378399192648657 -0.0079627620936272032 0 ]
[ 0.14420727957171581 0.41565878032976716 -4.0578202716260106e-06 2.2418819187226758e-05 -5.1877767902194599e-06 0.26531975631497623 0 0 0.011203172300063544 0.0047436124404359285 0.018631037935247053 0 0 0 0.010375050947825913 0.0019193224179320598 0.019138971054143285 0 0 0 0.0095346458491839432 3.0705900085878183e-14 0.045493121174053741 0 0 0 0.0086932010186573025 -0.0006902559221796011 0.01922817879993648 0 0 0 0.0078521117228638401 -4.9077188893528875e-05 0.019228304596143393 0 0 0 0.007012414709669984 0.0018263096110553081 0.019124196507905391 0 0 0 0.0061847024752533569 0.0046194811479264514 0.01862888289051088 0 0 0 0.0053916049259469523 0.0077986339397441472 0.0175241269125322 0 0 0 0.0046595768856979225 0.010749028126609847 0.015880585122253339 0 0 0 0.0040044035312577523 0.012999825976837829 0.01409970275730071 0 0 0 0.0034202795239925547 0.01435126387842839 0.012723034524197437 0 0 0 0.0028792088151559508 0.014805365552417011 0.012185651659345728 0 0 0 0.0023397096625657086 0.014392196215069843 0.012652660438242713 0 0 0 0.0017599308444640762 0.013086430495403438 0.013975533453251388 0 0 0 0.0011108605572796762 0.010881549750096637 0.015731142413575244 0 0 0 0.00038538085410329427 0.0079627621412366751 0.017378399220699656 0 ]
[ 0 0 0 0 0 0 0 0 0 0 0 0 0 0 0 0 0 0 0 0 0 0 0 1 0 0 0 0 0 0 0 0 0 0 0 0 0 0 0 0 0 0 0 0 0 0 0 0 0 0 0 0 0 0 0 0 0 0 0 0 0 0 0 0 0 0 0 0 0 0 0 0 0 0 0 0 0 0 0 0 0 0 0 0 0 0 0 0 0 0 0 0 0 0 0 0 0 0 0 0 0 0 ]
[ 0 0 0 0 0 0 0 0 0 0 0 0 0 0 0 0 0 0 0 0 0 0 0 0 1 0 0 0 0 0 0 0 0 0 0 0 0 0 0 0 0 0 0 0 0 0 0 0 0 0 0 0 0 0 0 0 0 0 0 0 0 0 0 0 0 0 0 0 0 0 0 0 0 0 0 0 0 0 0 0 0 0 0 0 0 0 0 0 0 0 0 0 0 0 0 0 0 0 0 0 0 0 ]
[ 0 0 0 0 0 0 0 0 0 0 0 0 0 0 0 0 0 0 0 0 0 0 0 0 0 1 0 0 0 0 0 0 0 0 0 0 0 0 0 0 0 0 0 0 0 0 0 0 0 0 0 0 0 0 0 0 0 0 0 0 0 0 0 0 0 0 0 0 0 0 0 0 0 0 0 0 0 0 0 0 0 0 0 0 0 0 0 0 0 0 0 0 0 0 0 0 0 0 0 0 0 0 ]
[ -0.041695864002743437 0.22483002675318195 -4.5916851762471642e-06 1.2003088629002295e-05 5.3088456749993271e-06 0.15085005137530857 0 0 0.0063873205138552406 -0.0026459797359335122 0.0096353942868227273 0 0 0 0.0059764352915265872 -0.0040523412916558081 0.0091389049077343423 0 0 0 0.005587091642786657 -0.004946476152345637 0.0086932010186573025 0 0 0 0.0052122032636036974 -0.0052562476748713016 0.0085118965116776271 0 0 0 0.0048373416185387413 -0.004968706601861511 0.0086804679922657495 0 0 0 0.0044487401608279261 -0.0040957745338264335 0.0091190636213838317 0 0 0 0.0040387196209401973 -0.0027064525488642629 0.0096172442162529934 0 0 0 0.0036099999251464798 -0.00098451766845650832 0.0099389033912233738 0 0 0 0.0031736913153083812 0.00077360353910993192 0.0099579832194256132 0 0 0 0.002742411871625884 0.0022513228493081208 0.0097341972580938275 0 0 0 0.0023228220089466177 0.0032182551873397545 0.0094614415292386747 0 0 0 0.0019125048355149164 0.003562723911978336 0.0093368445877200258 0 0 0 0.0015026035300121185 0.0032554378753640867 0.0094432386214896944 0 0 0 0.0010840601479986034 0.002322932796193678 0.0097066429165589586 0 0 0 0.00065395724296282438 0.00087131556265924667 0.0099338853238128254 0 0 0 0.00021844272843205847 -0.00087593916626901836 0.0099274897660129278 0 ]
[ 0.41013504580506155 -0.158995282491948 7.4890525565057077e-06 -8.2296695806811368e-06 -2.7297351871001655e-05 -0.12883696441679157 0 0 -0.0055069812974191893 0.018445151228600454 -0.0054079063694153816 0 0 0 -0.0053342209053618712 0.019053963357164475 -0.0026042208866891023 0 0 0 -0.0052663493018400764 0.019228178799944984 -0.0006902559221796011 0 0 0 -0.0052562476748713016 0.08486823462601005 3.0697943503440083e-14 0 0 0 -0.0052472361470378391 0.01922166043832646 -0.00064090383454810593 0 0 0 -0.0051825041714840137 0.019050304298691298 -0.0025117351967699291 0 0 0 -0.0050145007276659699 0.018454981228255729 -0.0052859126777672601 0 0 0 -0.0047148617472195552 0.017236632228940348 -0.0084240343778570499 0 0 0 -0.0042811990140843156 0.015487941364009888 -0.011314164488618765 0 0 0 -0.0037352921641398088 0.013627073222291097 -0.013500075950505079 0 0 0 -0.0031129102225207553 0.012202513799844383 -0.014801524807827321 0 0 0 -0.0024527661664782699 0.011649071535773917 -0.015236145338947155 0 0 0 -0.0017917960724576892 0.012130701717752775 -0.014839914043305908 0 0 0 -0.0011667986892901691 0.013499850600079726 -0.013582187086583061 0 0 0 -0.00061629728162482375 0.015333808756905189 -0.011441265776370469 0 0 0 -0.00017629603068102084 0.017085078882192593 -0.0085828617246353801 0 ]
[ 0.15899528259358825 0.41013504579341264 -5.7723774541137952e-06 2.202402163869619e-05 -4.8659719449582039e-06 0.26089726915447892 0 0 0.011014163121183819 0.0054079063727487655 0.018445151228290522 0 0 0 0.010191876813930981 0.0026042208882184194 0.019053963357085993 0 0 0 0.0093535231717387854 0.00069025592260912676 0.01922817879993648 0 0 0 0.0085118965116776271 3.0697943503440083e-14 0.045493234626010029 0 0 0 0.0076704275333544496 0.00064090383497744836 0.019221660438317946 0 0 0 0.0068323397058094679 0.0025117351982981121 0.019050304298612434 0 0 0 0.0060099541145725447 0.0052859126810971416 0.018454981227943246 0 0 0 0.005226938142503597 0.0084240343836258832 0.017236632228164458 0 0 0 0.0045098548590115318 0.011314164497386729 0.01548794136262171 0 0 0 0.0038737210244300332 0.013500075962806703 0.0136270732204403 0 0 0 0.0033114423166309315 0.014801524824239723 0.012202513798193202 0 0 0 0.0027936091367180178 0.015236145360068088 0.011649071535651832 0 0 0 0.0022773785036665464 0.014839914069546135 0.012130701721199824 0 0 0 0.0017195425722650003 0.01358218711782307 0.013499850609673123 0 0 0 0.0010896819347336213 0.011441265811704814 0.015333808775264085 0 0 0 0.00037938010197741373 0.0085828617625697337 0.017085078911255828 0 ]
[ 0 0 0 0 0 0 0 0 0 0 0 0 0 0 0 0 0 0 0 0 0 0 0 0 0 0 0 0 0 1 0 0 0 0 0 0 0 0 0 0 0 0 0 0 0 0 0 0 0 0 0 0 0 0 0 0 0 0 0 0 0 0 0 0 0 0 0 0 0 0 0 0 0 0 0 0 0 0 0 0 0 0 0 0 0 0 0 0 0 0 0 0 0 0 0 0 0 0 0 0 0 0 ]
[ 0 0 0 0 0 0 0 0 0 0 0 0 0 0 0 0 0 0 0 0 0 0 0 0 0 0 0 0 0 0 1 0 0 0 0 0 0 0 0 0 0 0 0 0 0 0 0 0 0 0 0 0 0 0 0 0 0 0 0 0 0 0 0 0 0 0 0 0 0 0 0 0 0 0 0 0 0 0 0 0 0 0 0 0 0 0 0 0 0 0 0 0 0 0 0 0 0 0 0 0 0 0 ]
[ 0 0 0 0 0 0 0 0 0 0 0 0 0 0 0 0 0 0 0 0 0 0 0 0 0 0 0 0 0 0 0 1 0 0 0 0 0 0 0 0 0 0 0 0 0 0 0 0 0 0 0 0 0 0 0 0 0 0 0 0 0 0 0 0 0 0 0 0 0 0 0 0 0 0 0 0 0 0 0 0 0 0 0 0 0 0 0 0 0 0 0 0 0 0 0 0 0 0 0 0 0 0 ]
[ -0.048455997319920494 0.20682212265179328 -5.6246576439783971e-06 1.0959891646242293e-05 6.359612596241598e-06 0.13937995145220436 0 0 0.0059030586767246842 -0.0028738071966969625 0.0088263343412017334 0 0 0 0.0055282094174384684 -0.0041572904859068591 0.0083045370705931154 0 0 0 0.0051755551721392656 -0.0049676542609067903 0.0078521117228638401 0 0 0 0.0048373416185387404 -0.0052472361470378382 0.0076704275333544488 0 0 0 0.0044995457306476723 -0.0049877323320237019 0.0078395137273459328 0 0 0 0.0041474973450207281 -0.0041967017070792456 0.0082847146784096725 0 0 0 0.0037735228550692143 -0.0029289883160180858 0.0088076323314753291 0 0 0 0.0033791890314258206 -0.0013448711372510921 0.0091811063421299785 0 0 0 0.0029744454888653927 0.00028602992489837087 0.0092753118851208963 0 0 0 0.0025712433407619611 0.0016672758069852336 0.009131887660279529 0 0 0 0.0021765365180759794 0.0025766214215853516 0.0089208258860467207 0 0 0 0.0017891762330851661 0.0029018225807451426 0.0088202303444551537 0 0 0 0.0014021621149829457 0.002612091499056308 0.0089057457228972712 0 0 0 0.0010083086916492651 0.0017352349902556583 0.0091098589819769531 0 0 0 0.00060601087385563838 0.00037811091599292075 0.0092578954944522642 0 0 0 0.00020176780655415072 -0.0012433100113660822 0.0091762465538826939 0 ]
[ 0.41494244092582161 -0.14514747067814468 9.1561513556652702e-06 -7.3787720470200809e-06 -2.8666987821436431e-05 -0.1200449316679886 0 0 -0.0051358083178244191 0.018603320428980313 -0.0047871957044731944 0 0 0 -0.004990638020503751 0.019118037265260131 -0.0019665684070829166 0 0 0 -0.0049507668934359473 0.01922830459622827 -4.9077188893529742e-05 0 0 0 -0.004968706601861511 0.01922166043832646 0.00064090383497744836 0 0 0 -0.0049877323320237019 0.084852333632865942 3.0677624535631658e-14 0 0 0 -0.0049509735621046831 0.019119748323861083 -0.0018750973923955512 0 0 0 -0.0048104977906659871 0.01861730654287164 -0.0046670363759100031 0 0 0 -0.0045371731283353469 0.017504431465966745 -0.0078434067185857194 0 0 0 -0.0041277280592482667 0.015853348036242658 -0.010789642020302003 0 0 0 -0.0036034255696891205 0.014066706542341415 -0.013035923112329796 0 0 0 -0.0030002443177254753 0.012686577018009033 -0.014383865195506718 0 0 0 -0.0023578482605578215 0.012148030293414847 -0.014836601469995853 0 0 0 -0.0017145733860320358 0.012616097779780566 -0.0144246185113909 0 0 0 -0.0011086306144207372 0.013942315026766475 -0.013122211918750773 0 0 0 -0.00057952797920753129 0.015703565741862994 -0.010921783976323611 0 0 0 -0.00016352317350375989 0.017358283621756038 -0.0080071650646991975 0 ]
[ 0.14514747084342558 0.41494244089206717 -7.9916834733031765e-06 2.2162607526182379e-05 -2.649353835867498e-06 0.26496136325766761 0 0 0.011188125661460952 0.0047871957102899355 0.018603320427974596 0 0 0 0.010361063577024175 0.0019665684104308197 0.019118037264894444 0 0 0 0.0095214463835346964 4.9077190424616794e-05 0.01922830459614339 0 0 0 0.0086804679922657477 -0.00064090383454810506 0.019221660438317946 0 0 0 0.0078395137273459294 3.0678491897370454e-14 0.045477333632865942 0 0 0 0.0069999118149884562 0.0018750973928242146 0.019119748323853776 0 0 0 0.0061725433698895417 0.0046670363774318213 0.018617306542810557 0 0 0 0.005380128981958129 0.0078434067218920381 0.017504431465755851 0 0 0 0.0046491322787542899 0.010789642026026449 0.015853348035818244 0 0 0 0.0039952844909247791 0.01303592312105962 0.014066706541840182 0 0 0 0.0034126884319625466 0.014383865207812561 0.012686577017963642 0 0 0 0.0028732464208029371 0.014836601486406439 0.01214803029491251 0 0 0 0.0023353782342295914 0.014424618532232189 0.012616097784519286 0 0 0 0.0017571344819365627 0.013122211943881018 0.013942315036913996 0 0 0 0.0011094021079413345 0.010921784004946294 0.015703565759635878 0 0 0 0.00038497058304185156 0.008007165095557274 0.017358283648810327 0 ]
[ 0 0 0 0 0 0 0 0 0 0 0 0 0 0 0 0 0 0 0 0 0 0 0 0 0 0 0 0 0 0 0 0 0 0 0 1 0 0 0 0 0 0 0 0 0 0 0 0 0 0 0 0 0 0 0 0 0 0 0 0 0 0 0 0 0 0 0 0 0 0 0 0 0 0 0 0 0 0 0 0 0 0 0 0 0 0 0 0 0 0 0 0 0 0 0 0 0 0 0 0 0 0 ]
[ 0 0 0 0 0 0 0 0 0 0 0 0 0 0 0 0 0 0 0 0 0 0 0 0 0 0 0 0 0 0 0 0 0 0 0 0 1 0 0 0 0 0 0 0 0 0 0 0 0 0 0 0 0 0 0 0 0 0 0 0 0 0 0 0 0 0 0 0 0 0 0 0 0 0 0 0 0 0 0 0 0 0 0 0 0 0 0 0 0 0 0 0 0 0 0 0 0 0 0 0 0 0 ]
[ 0 0 0 0 0 0 0 0 0 0 0 0 0 0 0 0 0 0 0 0 0 0 0 0 0 0 0 0 0 0 0 0 0 0 0 0 0 1 0 0 0 0 0 0 0 0 0 0 0 0 0 0 0 0 0 0 0 0 0 0 0 0 0 0 0 0 0 0 0 0 0 0 0 0 0 0 0 0 0 0 0 0 0 0 0 0 0 0 0 0 0 0 0 0 0 0 0 0 0 0 0 0 ]
[ -0.054000591523768911 0.18842619160146898 -6.4428517582891215e-06 9.9078664319581132e-06 7.2025267129302772e-06 0.12757932249732939 0 0 0.0054046409855266868 -0.0030472750901423154 0.0080048691579217585 0 0 0 0.0050661828896894278 -0.0042066117876764066 0.0074659891196529457 0 0 0 0.0047502667209119304 -0.0049330375784379368 0.007012414709669984 0 0 0 0.0044487401608279261 -0.0051825041714840129 0.0068323397058094679 0 0 0 0.0041474973450207281 -0.0049509735621046831 0.0069999118149884562 0 0 0 0.0038324476282308576 -0.004242031842749152 0.0074461117421116127 0 0 0 0.0034947448030296425 -0.0030972132220741266 0.0079856178520069186 0 0 0 0.0031355414588569615 -0.0016539485712220117 0.0084016211169401934 0 0 0 0.0027635063567858871 -0.00015487838836637761 0.0085623016431571938 0 0 0 0.0023898629047218348 0.0011248470799460866 0.008492611292906788 0 0 0 0.0020217537831791997 0.0019726835955615031 0.008339247375456613 0 0 0 0.0016591814876243615 0.0022770821335230643 0.0082613064609991117 0 0 0 0.001296888304547193 0.0020062390377744051 0.0083271673784582664 0 0 0 0.00092944778124527791 0.0011887998182846216 0.008475850258631578 0 0 0 0.00055645075519478485 -6.8854982581353631e-05 0.0085511741229569171 0 0 0 0.00018464194603321103 -0.0015598188908287302 0.008402831007248434 0 ]
[ 0.42674704718206746 -0.10386104652061358 1.0130255135916269e-05 -5.070651301200252e-06 -2.9960865070261231e-05 -0.093565633752580271 0 0 -0.0040173877568351586 0.018964804354857631 -0.0029459232297768308 0 0 0 -0.0039536931621441482 0.019201543858195495 -9.1075510657954051e-05 0 0 0 -0.0039959257570685172 0.019124196508271962 0.0018263096110553089 0 0 0 -0.0040957745338264335 0.019050304298691298 0.0025117351982981112 0 0 0 -0.0041967017070792456 0.019119748323861083 0.0018750973928242137 0 0 0 -0.004242031842749152 0.084825850592309349 3.0652514232064819e-14 0 0 0 -0.0041830120314247992 0.018974735985379198 -0.0028261944056105657 0 0 0 -0.0039884323706354408 0.018177598743328034 -0.0060944360119754267 0 0 0 -0.0036524560929255389 0.016822630986208564 -0.009186260166922252 0 0 0 -0.0031946996495544702 0.015264530405013698 -0.011595035382181909 0 0 0 -0.0026515278586013388 0.014023162516487607 -0.013070535602854179 0 0 0 -0.0020651373398471715 0.013531616302583828 -0.01357343206565843 0 0 0 -0.0014777190821139929 0.013957029738347584 -0.013117950596575521 0 0 0 -0.00093137568015708573 0.01514921125230511 -0.011693006128356026 0 0 0 -0.00046824770978951013 0.01668652798742248 -0.0093323200980314873 0 0 0 -0.00012510568667415748 0.018048195580402666 -0.0062715915224685944 0 ]
[ 0.10386104676072641 0.42674704710541567 -1.0870464482621435e-05 2.2642953383014304e-05 1.5004625204733947e-06 0.27524089635179799 0 0 0.011628815339149133 0.0029459232386401316 0.01896480435241283 0 0 0 0.010792280344550639 9.1075516490591281e-05 0.019201543857103483 0 0 0 0.0099535299243716929 -0.0018263096077084403 0.019124196507905391 0 0 0 0.0091190636213838317 -0.0025117351967699282 0.019050304298612434 0 0 0 0.0082847146784096725 -0.0018750973923955503 0.019119748323853776 0 0 0 0.0074461117421116109 3.0652514232064819e-14 0.045450850592309341 0 0 0 0.0066094011982752252 0.0028261944060383099 0.018974735985374216 0 0 0 0.0057944876398683823 0.0060944360134908265 0.018177598743294311 0 0 0 0.0050273889427045375 0.0091862601702111836 0.01682263098613191 0 0 0 0.0043258280414190465 0.011595035387886225 0.015264530405003257 0 0 0 0.0036874488320176456 0.013070535611579221 0.014023162516942224 0 0 0 0.0030881709797166241 0.013573432077950439 0.013531616304348359 0 0 0 0.0024903729397049499 0.013117950612802109 0.013957029742788622 0 0 0 0.0018560537395090485 0.011693006148501415 0.015149211261217443 0 0 0 0.0011601077961749949 0.0093323201215456397 0.016686528002691162 0 0 0 0.00039889979098066067 0.00627159154842116 0.018048195603489095 0 ]
[ 0 0 0 0 0 0 0 0 0 0 0 0 0 0 0 0 0 0 0 0 0 0 0 0 0 0 0 0 0 0 0 0 0 0 0 0 0 0 0 0 0 1 0 0 0 0 0 0 0 0 0 0 0 0 0 0 0 0 0 0 0 0 0 0 0 0 0 0 0 0 0 0 0 0 0 0 0 0 0 0 0 0 0 0 0 0 0 0 0 0 0 0 0 0 0 0 0 0 0 0 0 0 ]
[ 0 0 0 0 0 0 0 0 0 0 0 0 0 0 0 0 0 0 0 0 0 0 0 0 0 0 0 0 0 0 0 0 0 0 0 0 0 0 0 0 0 0 1 0 0 0 0 0 0 0 0 0 0 0 0 0 0 0 0 0 0 0 0 0 0 0 0 0 0 0 0 0 0 0 0 0 0 0 0 0 0 0 0 0 0 0 0 0 0 0 0 0 0 0 0 0 0 0 0 0 0 0 ]
[ 0 0 0 0 0 0 0 0 0 0 0 0 0 0 0 0 0 0 0 0 0 0 0 0 0 0 0 0 0 0 0 0 0 0 0 0 0 0 0 0 0 0 0 1 0 0 0 0 0 0 0 0 0 0 0 0 0 0 0 0 0 0 0 0 0 0 0 0 0 0 0 0 0 0 0 0 0 0 0 0 0 0 0 0 0 0 0 0 0 0 0 0 0 0 0 0 0 0 0 0 0 0 ]
[ -0.057214559732043369 0.16951169061569168 -6.9971027365198479e-06 8.8428075001864217e-06 7.7442090217719713e-06 0.11529658819481144 0 0 0.0048855003989087863 -0.0031173487806414389 0.0071694336553205134 0 0 0 0.0045836896164813731 -0.0041515594501221218 0.0066290129407319568 0 0 0 0.0043041917024452562 -0.0047946740336321072 0.006184702475253356 0 0 0 0.0040387196209401973 -0.0050145007276659699 0.0060099541145725438 0 0 0 0.0037735228550692143 -0.0048104977906659871 0.0061725433698895417 0 0 0 0.0034947448030296421 -0.0041830120314247992 0.0066094011982752261 0 0 0 0.0031939502561955631 -0.0031620493129890155 0.0071499451668121192 0 0 0 0.0028707310651887108 -0.0018636779036701754 0.0075906294640602327 0 0 0 0.0025331622459716387 -0.00050352801282572089 0.0078008585002158001 0 0 0 0.002191503113464039 0.00066642261708857583 0.007791670181974992 0 0 0 0.0018528872255837504 0.001446134041866137 0.0076878733544086869 0 0 0 0.0015182368537122266 0.0017271029637536631 0.0076298097477322316 0 0 0 0.0011838042581082836 0.0014774196078803595 0.0076785299036416597 0 0 0 0.00084568976861195636 0.00072575082127683663 0.0077796339905505246 0 0 0 0.00050444885538382671 -0.00042428896678934659 0.0077952138065567143 0 0 0 0.00016687162140319387 -0.0017776672545184648 0.0075969345650570928 0 ]
[ 0.43697947231722917 -0.039819981075073348 1.0169010826711142e-05 -1.5744533499972449e-06 -3.0552643440422771e-05 -0.051977576089167005 0 0 -0.0022595953907136694 0.019173781554644293 -0.00011968943032892793 0 0 0 -0.0023197809296780741 0.0189875252220079 0.0027361899895636094 0 0 0 -0.0024849651319378842 0.018628882891521807 0.0046194811479264514 0 0 0 -0.0027064525488642624 0.018454981228255729 0.0052859126810971416 0 0 0 -0.0029289883160180858 0.01861730654287164 0.0046670363774318213 0 0 0 -0.0030972132220741266 0.018974735985379198 0.0028261944060383086 0 0 0 -0.0031620493129890155 0.084798143805447965 3.0625345527863753e-14 0 0 0 -0.0030896857506146963 0.018867656040062228 -0.0033482295909097732 0 0 0 -0.0028704987805274035 0.017983421726738134 -0.0066043054808093303 0 0 0 -0.0025212702823088234 0.01679779160718679 -0.0092150359378752947 0 0 0 -0.002078297185834493 0.015787854629249181 -0.01085649819438802 0 0 0 -0.0015868406295284944 0.015375968113953189 -0.011426038983088046 0 0 0 -0.0010941501530033928 0.015729458201833923 -0.010913110477718412 0 0 0 -0.00064744378157004288 0.016698214323610957 -0.0093288700461947646 0 0 0 -0.00029207821866909827 0.01787037890924182 -0.0067687406591831643 0 0 0 -6.4939830505934907e-05 0.018765815513027091 -0.0035424190642356309 0 ]
[ 0.039819981395374862 0.43697947217235067 -1.4300966477844072e-05 2.3004846915594582e-05 7.2580647490482258e-06 0.28582897528737894 0 0 0.012085732974968125 0.000119689442594953 0.019173781549813598 0 0 0 0.011249731010540614 -0.0027361899807034286 0.018987525219556951 0 0 0 0.010427130795207351 -0.0046194811421133757 0.01862888289051088 0 0 0 0.0096172442162529952 -0.0052859126777672601 0.018454981227943246 0 0 0 0.0088076323314753291 -0.0046670363759100031 0.018617306542810561 0 0 0 0.0079856178520069186 -0.0028261944056105657 0.018974735985374219 0 0 0 0.0071499451668121201 3.0625345527863753e-14 0.045423143805447957 0 0 0 0.0063156914265905355 0.0033482295913368101 0.018867656040060399 0 0 0 0.0055078702274693695 0.0066043054823215555 0.017983421726737291 0 0 0 0.0047469068550379176 0.0092150359411624552 0.016797791607256318 0 0 0 0.0040358268682652888 0.010856498200105999 0.015787854629653892 0 0 0 0.0033570381562557411 0.011426038991842706 0.015375968115299749 0 0 0 0.0026795610392155726 0.010913110489983368 0.015729458205165341 0 0 0 0.001972027721792469 0.0093288700621561322 0.016698214330365398 0 0 0 0.0012158242877841178 0.0067687406786077955 0.017870378921000664 0 0 0 0.00041277141368920354 0.0035424190865658758 0.018765815531087335 0 ]
[ 0 0 0 0 0 0 0 0 0 0 0 0 0 0 0 0 0 0 0 0 0 0 0 0 0 0 0 0 0 0 0 0 0 0 0 0 0 0 0 0 0 0 0 0 0 0 0 1 0 0 0 0 0 0 0 0 0 0 0 0 0 0 0 0 0 0 0 0 0 0 0 0 0 0 0 0 0 0 0 0 0 0 0 0 0 0 0 0 0 0 0 0 0 0 0 0 0 0 0 0 0 0 ]
[ 0 0 0 0 0 0 0 0 0 0 0 0 0 0 0 0 0 0 0 0 0 0 0 0 0 0 0 0 0 0 0 0 0 0 0 0 0 0 0 0 0 0 0 0 0 0 0 0 1 0 0 0 0 0 0 0 0 0 0 0 0 0 0 0 0 0 0 0 0 0 0 0 0 0 0 0 0 0 0 0 0 0 0 0 0 0 0 0 0 0 0 0 0 0 0 0 0 0 0 0 0 0 ]
[ 0 0 0 0 0 0 0 0 0 0 0 0 0 0 0 0 0 0 0 0 0 0 0 0 0 0 0 0 0 0 0 0 0 0 0 0 0 0 0 0 0 0 0 0 0 0 0 0 0 1 0 0 0 0 0 0 0 0 0 0 0 0 0 0 0 0 0 0 0 0 0 0 0 0 0 0 0 0 0 0 0 0 0 0 0 0 0 0 0 0 0 0 0 0 0 0 0 0 0 0 0 0 ]
[ -0.057297877652321569 0.15034867389841697 -7.2454221243421017e-06 7.7819610767629345e-06 7.9131583495259375e-06 0.10266269063751976 0 0 0.004351064657802532 -0.0030501916333451171 0.0063347415223194261 0 0 0 0.0040854006994693014 -0.0039608475618771542 0.0058132032388592192 0 0 0 0.0038410702260643979 -0.0045233747814280821 0.0053916049259469523 0 0 0 0.0036099999251464798 -0.0047148617472195552 0.0052269381425035979 0 0 0 0.003379189031425821 -0.0045371731283353469 0.0053801289819581308 0 0 0 0.0031355414588569619 -0.0039884323706354417 0.0057944876398683832 0 0 0 0.0028707310651887113 -0.0030896857506146963 0.0063156914265905355 0 0 0 0.0025843500963549084 -0.0019381588353585444 0.0067569170315391674 0 0 0 0.0022826324101345636 -0.00072304481326547043 0.0069933180899254604 0 0 0 0.0019754075139780968 0.00032881528637421762 0.0070258702985825389 0 0 0 0.0016694089288009928 0.0010332803536572733 0.0069598273283223268 0 0 0 0.0013661536340481993 0.0012879088747926343 0.006917538179530754 0 0 0 0.0010630636954923518 0.0010618817902972636 0.0069528114668537524 0 0 0 0.00075742625758567367 0.00038281369805331288 0.0070177377923174864 0 0 0 0.00045043560499312044 -0.0006513884676849199 0.0069919720485095956 0 0 0 0.00014866335402954396 -0.0018609822956227129 0.006766904993732792 0 ]
[ 0.43694096740385363 0.037124715651729298 9.2466765221502874e-06 2.5711584560060602e-06 -2.9948744236734884e-05 -0.001250879119883936 0 0 -0.00011375077867558906 0.018887884370904637 0.0032304473328755804 0 0 0 -0.00031896013841674033 0.018205900362123391 0.0060081050710578017 0 0 0 -0.00062514780683187415 0.017524126914608154 0.0077986339397441472 0 0 0 -0.00098451766845650832 0.017236632228940348 0.0084240343836258832 0 0 0 -0.0013448711372510919 0.017504431465966745 0.0078434067218920381 0 0 0 -0.0016539485712220117 0.018177598743328034 0.0060944360134908265 0 0 0 -0.0018636779036701754 0.018867656040062228 0.0033482295913368106 0 0 0 -0.0019381588353585444 0.084781959059458942 3.0606321289273333e-14 0 0 0 -0.001863513848075129 0.0188566448053278 -0.0033596370456299828 0 0 0 -0.0016526709186527886 0.018145595883394972 -0.0061367678442040569 0 0 0 -0.0013408312688647107 0.017438171369804845 -0.0079290572727465716 0 0 0 -0.00097562328264324898 0.017132206929751974 -0.0085616689063557471 0 0 0 -0.000608971492964974 0.017390575869515632 -0.0079949881157977704 0 0 0 -0.00029283721265012662 0.018067458389002273 -0.0062662220581498123 0 0 0 -7.512140602212891e-05 0.018774091676016329 -0.0035412553758981434 0 0 0 8.1830268232322148e-06 0.019091932084977666 -0.00020883207864765452 0 ]
[ -0.037124715251492017 0.43694096716775332 -1.7931595042396566e-05 2.2793187119594864e-05 1.3854398763383782e-05 0.29039899708994932 0 0 0.012289861650916689 -0.003230447317068735 0.01888788436279568 0 0 0 0.011477746378807642 -0.0060081050587885492 0.01820590035766206 0 0 0 0.010697153807261155 -0.0077986339309228997 0.0175241269125322 0 0 0 0.0099389033912233738 -0.0084240343778570481 0.017236632228164458 0 0 0 0.0091811063421299785 -0.0078434067185857194 0.017504431465755851 0 0 0 0.0084016211169401916 -0.0060944360119754275 0.018177598743294311 0 0 0 0.0075906294640602336 -0.0033482295909097732 0.018867656040060399 0 0 0 0.0067569170315391665 3.060653812970783e-14 0.045406959059458935 0 0 0 0.0059234185134858109 0.003359637046056815 0.018856644805329448 0 0 0 0.0051133165007462905 0.0061367678457179423 0.018145595883427134 0 0 0 0.0043359428488560668 0.0079290572760475804 0.017438171370009491 0 0 0 0.0035818868467000988 0.0085616689121124894 0.01713220693051164 0 0 0 0.0028289064176645717 0.0079949881245977728 0.017390575871559951 0 0 0 0.0020543719184425531 0.0062662220703885527 0.018067458393415323 0 0 0 0.0012478834669162849 0.003541255391662806 0.018774091684068482 0 0 0 0.00041767726848687431 0.00020883209775167472 0.019091932097783225 0 ]
[ 0 0 0 0 0 0 0 0 0 0 0 0 0 0 0 0 0 0 0 0 0 0 0 0 0 0 0 0 0 0 0 0 0 0 0 0 0 0 0 0 0 0 0 0 0 0 0 0 0 0 0 0 0 1 0 0 0 0 0 0 0 0 0 0 0 0 0 0 0 0 0 0 0 0 0 0 0 0 0 0 0 0 0 0 0 0 0 0 0 0 0 0 0 0 0 0 0 0 0 0 0 0 ]
[ 0 0 0 0 0 0 0 0 0 0 0 0 0 0 0 0 0 0 0 0 0 0 0 0 0 0 0 0 0 0 0 0 0 0 0 0 0 0 0 0 0 0 0 0 0 0 0 0 0 0 0 0 0 0 1 0 0 0 0 0 0 0 0 0 0 0 0 0 0 0 0 0 0 0 0 0 0 0 0 0 0 0 0 0 0 0 0 0 0 0 0 0 0 0 0 0 0 0 0 0 0 0 ]
[ 0 0 0 0 0 0 0 0 0 0 0 0 0 0 0 0 0 0 0 0 0 0 0 0 0 0 0 0 0 0 0 0 0 0 0 0 0 0 0 0 0 0 0 0 0 0 0 0 0 0 0 0 0 0 0 1 0 0 0 0 0 0 0 0 0 0 0 0 0 0 0 0 0 0 0 0 0 0 0 0 0 0 0 0 0 0 0 0 0 0 0 0 0 0 0 0 0 0 0 0 0 0 ]
[ -0.053980188403500523 0.1314835161304041 -7.1689116788904225e-06 6.7563177100079978e-06 7.6820059459348205e-06 0.090022067790417395 0 0 0.0038158667668073973 -0.0028360501492115929 0.0055255813239361512 0 0 0 0.0035847355880880352 -0.0036285169733281972 0.0050445368499362139 0 0 0 0.0033731729919076964 -0.0041158008811095388 0.0046595768856979225 0 0 0 0.0031736913153083812 -0.0042811990140843156 0.004509854859011531 0 0 0 0.0029744454888653927 -0.0041277280592482667 0.0046491322787542899 0 0 0 0.0027635063567858866 -0.0036524560929255389 0.0050273889427045375 0 0 0 0.0025331622459716383 -0.0028704987805274035 0.0055078702274693704 0 0 0 0.0022826324101345632 -0.001863513848075129 0.0059234185134858109 0 0 0 0.0020177359364860711 -0.00079574887039781262 0.0061596668111670869 0 0 0 0.0017464540311800049 0.00013249058042492394 0.00621232450755987 0 0 0 0.001475499208038194 0.00075620479090797021 0.006170080351933744 0 0 0 0.0012064809877950864 0.00098211194045201068 0.0061386399507213562 0 0 0 0.00093758694624257823 0.0007817516602818495 0.0061648786942607205 0 0 0 0.00066688645992551098 0.00018055108910098577 0.0062070876885319936 0 0 0 0.00039583967855215716 -0.00073231674359887226 0.0061611927526146644 0 0 0 0.00013051952467644587 -0.0017956573952711545 0.0059352829058224033 0 ]
[ 0.42355107789748642 0.11316587434104589 7.7028469120782854e-06 6.6324397024337677e-06 -2.8205344784883483e-05 0.049687648609504163 0 0 0.0020429446415596874 0.018023986868899444 0.0064919250502565732 0 0 0 0.0016985467779050089 0.0168656267376344 0.0091062516710889232 0 0 0 0.0012602885387765317 0.015880585125656953 0.010749028126609847 0 0 0 0.00077360353910993192 0.015487941364009888 0.011314164497386727 0 0 0 0.00028602992489837131 0.015853348036242654 0.010789642026026447 0 0 0 -0.00015487838836637761 0.016822630986208564 0.0091862601702111836 0 0 0 -0.00050352801282572046 0.017983421726738131 0.0066043054823215555 0 0 0 -0.00072304481326547021 0.0188566448053278 0.0033596370460568141 0 0 0 -0.00079574887039781262 0.084781102236433495 3.0597008050190561e-14 0 0 0 -0.00073026147566189958 0.018944475622668978 -0.0028592557648077976 0 0 0 -0.00055958253302106249 0.01856233029101878 -0.0047482217255647588 0 0 0 -0.00033226128559508402 0.018372038757086883 -0.0054248288834007887 0 0 0 -0.00010332963316119157 0.018527030703356068 -0.0048214936610497224 0 0 0 7.2076310848729453e-05 0.018890246502709134 -0.0030004370565917837 0 0 0 0.00014496427977165824 0.019107978604972608 -0.00019321092422285149 0 0 0 8.1337391276205728e-05 0.018836294233096421 0.0031439603308831454 0 ]
[ -0.11316587386134526 0.4235510775577836 -2.1346387269604899e-05 2.1864663285957798e-05 2.0261652308117211e-05 0.28611268322493139 0 0 0.012119221935668069 -0.0064919250308098529 0.018023986857013768 0 0 0 0.01135588020374222 -0.0091062516551059808 0.016865626730775133 0 0 0 0.010641273276315011 -0.010749028114325149 0.015880585122253339 0 0 0 0.0099579832194256132 -0.011314164488618765 0.01548794136262171 0 0 0 0.0092753118851208981 -0.010789642020302003 0.015853348035818244 0 0 0 0.0085623016431571938 -0.009186260166922252 0.01682263098613191 0 0 0 0.0078008585002158001 -0.0066043054808093294 0.017983421726737291 0 0 0 0.0069933180899254604 -0.0033596370456299833 0.018856644805329448 0 0 0 0.0061596668111670878 3.0597008050190561e-14 0.045406102236433495 0 0 0 0.0053249910727789992 0.0028592557652349633 0.018944475622673797 0 0 0 0.0045048072649274875 0.0047482217270836671 0.018562330291078604 0 0 0 0.0036982208995027647 0.0054248288867226064 0.018372038757394737 0 0 0 0.0028924403323603003 0.004821493666846326 0.018527030704356278 0 0 0 0.0020742987387450847 0.0030004370654247501 0.018890246505143069 0 0 0 0.0012419594606035006 0.00019321093644717146 0.019107978609786625 0 0 0 0.00040984741191693944 -0.003143960315131466 0.01883629424118545 0 ]
[ 0 0 0 0 0 0 0 0 0 0 0 0 0 0 0 0 0 0 0 0 0 0 0 0 0 0 0 0 0 0 0 0 0 0 0 0 0 0 0 0 0 0 0 0 0 0 0 0 0 0 0 0 0 0 0 0 0 0 0 1 0 0 0 0 0 0 0 0 0 0 0 0 0 0 0 0 0 0 0 0 0 0 0 0 0 0 0 0 0 0 0 0 0 0 0 0 0 0 0 0 0 0 ]
[ 0 0 0 0 0 0 0 0 0 0 0 0 0 0 0 0 0 0 0 0 0 0 0 0 0 0 0 0 0 0 0 0 0 0 0 0 0 0 0 0 0 0 0 0 0 0 0 0 0 0 0 0 0 0 0 0 0 0 0 0 1 0 0 0 0 0 0 0 0 0 0 0 0 0 0 0 0 0 0 0 0 0 0 0 0 0 0 0 0 0 0 0 0 0 0 0 0 0 0 0 0 0 ]
[ 0 0 0 0 0 0 0 0 0 0 0 0 0 0 0 0 0 0 0 0 0 0 0 0 0 0 0 0 0 0 0 0 0 0 0 0 0 0 0 0 0 0 0 0 0 0 0 0 0 0 0 0 0 0 0 0 0 0 0 0 0 1 0 0 0 0 0 0 0 0 0 0 0 0 0 0 0 0 0 0 0 0 0 0 0 0 0 0 0 0 0 0 0 0 0 0 0 0 0 0 0 0 ]
[ -0.04760158828643167 0.11341619072981386 -6.7809891397162422e-06 5.7924464021240609e-06 7.0780617860599751e-06 0.077724738309789251 0 0 0.0032947611320326923 -0.002491579410464977 0.0047624663394986973 0 0 0 0.0030957115297503158 -0.0031740995294918875 0.0043408291007396051 0 0 0 0.0029137862569877594 -0.0035931748338902097 0.0040044035312577523 0 0 0 0.002742411871625884 -0.0037352921641398088 0.0038737210244300332 0 0 0 0.0025712433407619611 -0.00360342556968912 0.0039952844909247791 0 0 0 0.0023898629047218343 -0.0031946996495544702 0.0043258280414190465 0 0 0 0.002191503113464039 -0.0025212702823088234 0.0047469068550379176 0 0 0 0.0019754075139780968 -0.0016526709186527888 0.0051133165007462905 0 0 0 0.0017464540311800049 -0.00073026147566189958 0.0053249910727789992 0 0 0 0.0015120301701502712 7.2666552260548678e-05 0.0053769809432744663 0 0 0 0.0012772704762359578 0.00061275549259730614 0.0053449150348707578 0 0 0 0.0010441798506742874 0.00080852604111778046 0.0053194537070381451 0 0 0 0.00081118379463100969 0.00063498853322251005 0.0053410011473344838 0 0 0 0.00057673694500082542 0.00011438990115870009 0.0053736086266341788 0 0 0 0.0003422119627092935 -0.00067539713633901158 0.0053278244154029812 0 0 0 0.00011293689416128823 -0.0015942360402226902 0.0051251657432527737 0 ]
[ 0.40195235237892579 0.17512568541087861 6.2139276253397352e-06 9.9291020874636396e-06 -2.6048109961588546e-05 0.091840078351650825 0 0 0.0038291332676688972 0.01685467934625192 0.0091099592848307917 0 0 0 0.0033746299283381586 0.015318990017227115 0.011522333617182618 0 0 0 0.0028345835028432279 0.01409970276187949 0.012999825976837829 0 0 0 0.0022513228493081204 0.013627073222291097 0.013500075962806701 0 0 0 0.0016672758069852332 0.014066706542341415 0.013035923121059619 0 0 0 0.0011248470799460862 0.015264530405013698 0.011595035387886223 0 0 0 0.0006664226170885754 0.01679779160718679 0.0092150359411624534 0 0 0 0.00032881528637421762 0.018145595883394972 0.0061367678457179414 0 0 0 0.00013249058042492394 0.018944475622668978 0.0028592557652349624 0 0 0 7.2666552260548895e-05 0.084792185448953977 3.0595811990635969e-14 0 0 0 0.00011905136699075964 0.019072490193091464 -0.0019257083007258888 0 0 0 0.00022350142091509773 0.018985265235439322 -0.0026234817289667559 0 0 0 0.00032966494904261822 0.019048509386319874 -0.0020034661976660599 0 0 0 0.00038103039652518067 0.019135921693505673 -0.00014768144324082616 0 0 0 0.00032885602281745461 0.018932157668994337 0.0026619866736226926 0 0 0 0.00014166296617460698 0.018165090117728631 0.0059228457968055308 0 ]
[ -0.17512568484300478 0.40195235193963441 -2.4303494684897396e-05 2.0513517035718545e-05 2.5599536240308881e-05 0.27557030562369472 0 0 0.011681955376138989 -0.0091099592613416037 0.016854679330753575 0 0 0 0.010978502177696688 -0.011522333597041102 0.015318990008123604 0 0 0 0.010337251332438537 -0.012999825960602177 0.01409970275730071 0 0 0 0.0097341972580938258 -0.013500075950505078 0.0136270732204403 0 0 0 0.0091318876602795307 -0.013035923112329796 0.014066706541840187 0 0 0 0.008492611292906788 -0.011595035382181909 0.015264530405003257 0 0 0 0.007791670181974992 -0.0092150359378752947 0.016797791607256318 0 0 0 0.0070258702985825381 -0.0061367678442040569 0.018145595883427134 0 0 0 0.00621232450755987 -0.0028592557648077959 0.018944475622673797 0 0 0 0.0053769809432744663 3.0596679352373957e-14 0.04541718544895397 0 0 0 0.0045401097838449912 0.0019257083011535922 0.019072490193098656 0 0 0 0.0037082202579270329 0.0026234817304908154 0.018985265235517364 0 0 0 0.0028768874398161829 0.0020034662010024748 0.019048509386683947 0 0 0 0.002041318245169912 0.00014768144905361689 0.01913592169459391 0 0 0 0.0012070110210514102 -0.0026619866647924649 0.018932157671439239 0 0 0 0.00039331245301389201 -0.00592284578457842 0.018165090122183779 0 ]
[ 0 0 0 0 0 0 0 0 0 0 0 0 0 0 0 0 0 0 0 0 0 0 0 0 0 0 0 0 0 0 0 0 0 0 0 0 0 0 0 0 0 0 0 0 0 0 0 0 0 0 0 0 0 0 0 0 0 0 0 0 0 0 0 0 0 1 0 0 0 0 0 0 0 0 0 0 0 0 0 0 0 0 0 0 0 0 0 0 0 0 0 0 0 0 0 0 0 0 0 0 0 0 ]
[ 0 0 0 0 0 0 0 0 0 0 0 0 0 0 0 0 0 0 0 0 0 0 0 0 0 0 0 0 0 0 0 0 0 0 0 0 0 0 0 0 0 0 0 0 0 0 0 0 0 0 0 0 0 0 0 0 0 0 0 0 0 0 0 0 0 0 1 0 0 0 0 0 0 0 0 0 0 0 0 0 0 0 0 0 0 0 0 0 0 0 0 0 0 0 0 0 0 0 0 0 0 0 ]
[ 0 0 0 0 0 0 0 0 0 0 0 0 0 0 0 0 0 0 0 0 0 0 0 0 0 0 0 0 0 0 0 0 0 0 0 0 0 0 0 0 0 0 0 0 0 0 0 0 0 0 0 0 0 0 0 0 0 0 0 0 0 0 0 0 0 0 0 1 0 0 0 0 0 0 0 0 0 0 0 0 0 0 0 0 0 0 0 0 0 0 0 0 0 0 0 0 0 0 0 0 0 0 ]
[ -0.038982990293232912 0.096291023129485731 -6.1213787988372445e-06 4.8959466409249022e-06 6.1723035284172512e-06 0.065914644099667116 0 0 0.0027939517532877788 -0.0020530562228776436 0.0040486483858587548 0 0 0 0.0026245145499147349 -0.0026339700573420146 0.0036998962822053145 0 0 0 0.0024692789478922158 -0.002991489708408227 0.0034202795239925547 0 0 0 0.0023228220089466177 -0.0031129102225207553 0.0033114423166309311 0 0 0 0.0021765365180759794 -0.0030002443177254753 0.0034126884319625466 0 0 0 0.0020217537831791997 -0.0026515278586013396 0.0036874488320176456 0 0 0 0.0018528872255837504 -0.002078297185834493 0.0040358268682652888 0 0 0 0.0016694089288009925 -0.0013408312688647107 0.0043359428488560668 0 0 0 0.001475499208038194 -0.00055958253302106249 0.0045048072649274875 0 0 0 0.0012772704762359578 0.00011905136699075985 0.0045401097838449912 0 0 0 0.0010794279654506578 0.00057482939427364694 0.0045073896276376455 0 0 0 0.00088278661679974668 0.00073991810701979754 0.0044840356808757524 0 0 0 0.00068635101595682004 0.00059360914720813179 0.0045043221596834946 0 0 0 0.00048851697228986595 0.00015426236711196323 0.0045376046558956188 0 0 0 0.00029029905223238968 -0.00051332252889718221 0.0045075198671610736 0 0 0 9.6104252227534594e-05 -0.0012916197996615912 0.0043462516969770262 0 ]
[ 0.38234484576506161 0.21463133025828049 5.5801652108528607e-06 1.2050743087363814e-05 -2.456290302362609e-05 0.11907133543386189 0 0 0.0049838475743520265 0.015855014133148965 0.01075766315078264 0 0 0 0.0044609471237512738 0.014084653460524732 0.013003669348524873 0 0 0 0.0038591812980777224 0.012723034529167052 0.01435126387842839 0 0 0 0.003218255187339755 0.012202513799844383 0.014801524824239725 0 0 0 0.0025766214215853524 0.012686577018009033 0.014383865207812561 0 0 0 0.0019726835955615031 0.014023162516487607 0.013070535611579222 0 0 0 0.0014461340418661375 0.015787854629249181 0.010856498200105999 0 0 0 0.0010332803536572733 0.017438171369804845 0.0079290572760475804 0 0 0 0.00075620479090797021 0.01856233029101878 0.0047482217270836688 0 0 0 0.00061275549259730614 0.019072490193091467 0.0019257083011535914 0 0 0 0.00057482939427364716 0.084802615472359802 3.0593566881357813e-14 0 0 0 0.00059519033164730521 0.019162227686860944 -0.00070330649541895673 0 0 0 0.0006173124228082595 0.019162865756549231 -7.9766472777059982e-05 0 0 0 0.00058446094685458689 0.019063355552894626 0.0017763271195097704 0 0 0 0.00044866944062451594 0.018578125115081133 0.0045526810390644221 0 0 0 0.00018054734984525639 0.017486815425160944 0.007721547883199089 0 ]
[ -0.21463132957669803 0.38234484524909956 -2.6800502742557794e-05 1.9297381575908279e-05 2.940885193622772e-05 0.26501309109619309 0 0 0.011240926834831166 -0.010757663122254867 0.015855014115010016 0 0 0 0.01058665936661261 -0.013003669323437207 0.014084653450068003 0 0 0 0.0100028769259292 -0.014351263857595865 0.012723034524197437 0 0 0 0.0094614415292386747 -0.014801524807827319 0.012202513798193201 0 0 0 0.0089208258860467207 -0.014383865195506718 0.012686577017963642 0 0 0 0.0083392473754566113 -0.013070535602854179 0.014023162516942224 0 0 0 0.0076878733544086869 -0.01085649819438802 0.015787854629653892 0 0 0 0.0069598273283223251 -0.0079290572727465716 0.017438171370009491 0 0 0 0.006170080351933744 -0.0047482217255647588 0.018562330291078604 0 0 0 0.0053449150348707578 -0.0019257083007258879 0.019072490193098656 0 0 0 0.0045073896276376455 3.0593566881357813e-14 0.045427615472359795 0 0 0 0.0036688178474883477 0.00070330649584700799 0.019162227686869392 0 0 0 0.002830612010006259 7.9766474302932753e-05 0.019162865756633805 0 0 0 0.0019936968519223652 -0.0017763271161741945 0.019063355553260265 0 0 0 0.0011684445925868783 -0.0045526810332707666 0.018578125116090596 0 0 0 0.00037727745695022324 -0.0077215478744074219 0.017486815427236548 0 ]
[ 0 0 0 0 0 0 0 0 0 0 0 0 0 0 0 0 0 0 0 0 0 0 0 0 0 0 0 0 0 0 0 0 0 0 0 0 0 0 0 0 0 0 0 0 0 0 0 0 0 0 0 0 0 0 0 0 0 0 0 0 0 0 0 0 0 0 0 0 0 0 0 1 0 0 0 0 0 0 0 0 0 0 0 0 0 0 0 0 0 0 0 0 0 0 0 0 0 0 0 0 0 0 ]
[ 0 0 0 0 0 0 0 0 0 0 0 0 0 0 0 0 0 0 0 0 0 0 0 0 0 0 0 0 0 0 0 0 0 0 0 0 0 0 0 0 0 0 0 0 0 0 0 0 0 0 0 0 0 0 0 0 0 0 0 0 0 0 0 0 0 0 0 0 0 0 0 0 1 0 0 0 0 0 0 0 0 0 0 0 0 0 0 0 0 0 0 0 0 0 0 0 0 0 0 0 0 0 ]
[ 0 0 0 0 0 0 0 0 0 0 0 0 0 0 0 0 0 0 0 0 0 0 0 0 0 0 0 0 0 0 0 0 0 0 0 0 0 0 0 0 0 0 0 0 0 0 0 0 0 0 0 0 0 0 0 0 0 0 0 0 0 0 0 0 0 0 0 0 0 0 0 0 0 1 0 0 0 0 0 0 0 0 0 0 0 0 0 0 0 0 0 0 0 0 0 0 0 0 0 0 0 0 ]
[ -0.029192413432354156 0.079801083416819782 -5.2411197989688843e-06 4.0470934011712886e-06 5.0567275563350843e-06 0.054452650295768755 0 0 0.0023077021233116686 -0.0015658498709595473 0.0033668182275984775 0 0 0 0.0021663172323252706 -0.0020504379436615222 0.0030978587798114027 0 0 0 0.0020359682914196232 -0.0023504804191459804 0.0028792088151559504 0 0 0 0.0019125048355149161 -0.0024527661664782699 0.0027936091367180174 0 0 0 0.0017891762330851661 -0.002357848260557821 0.0028732464208029375 0 0 0 0.0016591814876243613 -0.0020651373398471715 0.0030881709797166237 0 0 0 0.0015182368537122266 -0.0015868406295284944 0.0033570381562557407 0 0 0 0.0013661536340481991 -0.00097562328264324876 0.0035818868467000988 0 0 0 0.0012064809877950864 -0.00033226128559508413 0.0036982208995027643 0 0 0 0.0010441798506742874 0.00022350142091509794 0.0037082202579270325 0 0 0 0.00088278661679974657 0.00059519033164730543 0.0036688178474883477 0 0 0 0.00072310018724387119 0.00072950922178624967 0.0036452757260162895 0 0 0 0.00056321431653570892 0.00061047047247237329 0.0036661804506735556 0 0 0 0.00040194652015258439 0.00025219127575477787 0.0037057859221428045 0 0 0 0.00023967547335177399 -0.00029448954808043704 0.0036998702202574296 0 0 0 7.9796361803086209e-05 -0.00093536044636416914 0.003589693859223322 0 ]
[ 0.37414078232426001 0.22846630917930372 6.4972423763174576e-06 1.2861945100485083e-05 -2.4722812521070491e-05 0.12869316531779135 0 0 0.0053920387857434738 0.015446693753562441 0.011329752938318206 0 0 0 0.0048455994302374532 0.013595505918491457 0.01350887909609646 0 0 0 0.0042229482672638263 0.012185651663145473 0.014805365552417011 0 0 0 0.003562723911978336 0.011649071535773915 0.015236145360068088 0 0 0 0.0029018225807451426 0.012148030293414847 0.014836601486406439 0 0 0 0.002277082133523063 0.013531616302583828 0.013573432077950439 0 0 0 0.0017271029637536631 0.015375968113953189 0.011426038991842708 0 0 0 0.0012879088747926339 0.017132206929751974 0.0085616689121124894 0 0 0 0.00098211194045201024 0.018372038757086883 0.0054248288867226064 0 0 0 0.00080852604111778046 0.018985265235439322 0.0026234817304908145 0 0 0 0.00073991810701979797 0.019162227686860944 0.00070330649584700972 0 0 0 0.00072950922178624967 0.084802871754631137 3.0588829886167493e-14 0 0 0 0.00072087079042084301 0.019156941582769611 0.00062327685498423573 0 0 0 0.00065733152266506676 0.01898938492242342 0.0024748625809035583 0 0 0 0.00049132763172434401 0.018402525620216992 0.0052321331227167941 0 0 0 0.00019430471644444168 0.017195467307195286 0.0083595007575876165 0 ]
[ -0.22846630834117762 0.37414078177530835 -2.8912829575544723e-05 1.8725833944815213e-05 3.1562131993095497e-05 0.26045367839976624 0 0 0.011050030837844151 -0.011329752903146931 0.015446693734661643 0 0 0 0.010415509371981728 -0.013508879064930941 0.013595505908436443 0 0 0 0.009854303822832252 -0.014805365526195591 0.012185651659345728 0 0 0 0.0093368445877200258 -0.015236145338947155 0.011649071535651834 0 0 0 0.0088202303444551537 -0.014836601469995853 0.012148030294912513 0 0 0 0.0082613064609991117 -0.01357343206565843 0.013531616304348359 0 0 0 0.0076298097477322325 -0.011426038983088046 0.015375968115299749 0 0 0 0.006917538179530754 -0.0085616689063557471 0.01713220693051164 0 0 0 0.006138639950721358 -0.0054248288834007879 0.018372038757394737 0 0 0 0.0053194537070381459 -0.002623481728966755 0.018985265235517367 0 0 0 0.0044840356808757524 -0.00070330649541895673 0.019162227686869392 0 0 0 0.0036452757260162895 3.0588829886167493e-14 0.045427871754631137 0 0 0 0.0028066580299535787 -0.00062327685455635772 0.019156941582778097 0 0 0 0.0019713345909666688 -0.0024748625793805244 0.018989384922502156 0 0 0 0.0011514451091609017 -0.005232133119398007 0.018402525620529384 0 0 0 0.00037047967184495277 -0.0083595007518379207 0.01719546730797223 0 ]
[ 0 0 0 0 0 0 0 0 0 0 0 0 0 0 0 0 0 0 0 0 0 0 0 0 0 0 0 0 0 0 0 0 0 0 0 0 0 0 0 0 0 0 0 0 0 0 0 0 0 0 0 0 0 0 0 0 0 0 0 0 0 0 0 0 0 0 0 0 0 0 0 0 0 0 0 0 0 1 0 0 0 0 0 0 0 0 0 0 0 0 0 0 0 0 0 0 0 0 0 0 0 0 ]
[ 0 0 0 0 0 0 0 0 0 0 0 0 0 0 0 0 0 0 0 0 0 0 0 0 0 0 0 0 0 0 0 0 0 0 0 0 0 0 0 0 0 0 0 0 0 0 0 0 0 0 0 0 0 0 0 0 0 0 0 0 0 0 0 0 0 0 0 0 0 0 0 0 0 0 0 0 0 0 1 0 0 0 0 0 0 0 0 0 0 0 0 0 0 0 0 0 0 0 0 0 0 0 ]
[ 0 0 0 0 0 0 0 0 0 0 0 0 0 0 0 0 0 0 0 0 0 0 0 0 0 0 0 0 0 0 0 0 0 0 0 0 0 0 0 0 0 0 0 0 0 0 0 0 0 0 0 0 0 0 0 0 0 0 0 0 0 0 0 0 0 0 0 0 0 0 0 0 0 0 0 0 0 0 0 1 0 0 0 0 0 0 0 0 0 0 0 0 0 0 0 0 0 0 0 0 0 0 ]
[ -0.019370992267207055 0.063338472207353655 -4.192056927871304e-06 3.209656820328365e-06 3.8278994024741584e-06 0.043005313182593076 0 0 0.001822065971118931 -0.001077401462009255 0.0026862919239346731 0 0 0 0.0017086723338452482 -0.0014658711114750123 0.0024972961727198154 0 0 0 0.0016031431552457917 -0.0017085883146762384 0.0023397096625657086 0 0 0 0.0015026035300121185 -0.0017917960724576892 0.0022773785036665464 0 0 0 0.0014021621149829459 -0.0017145733860320358 0.0023353782342295918 0 0 0 0.001296888304547193 -0.0014777190821139929 0.0024903729397049499 0 0 0 0.0011838042581082836 -0.0010941501530033928 0.0026795610392155726 0 0 0 0.0010630636954923516 -0.00060897149296497411 0.0028289064176645717 0 0 0 0.00093758694624257823 -0.00010332963316119157 0.0028924403323603003 0 0 0 0.00081118379463100969 0.00032966494904261811 0.0028768874398161833 0 0 0 0.00068635101595682004 0.0006173124228082595 0.002830612010006259 0 0 0 0.00056321431653570903 0.00072087079042084301 0.0028066580299535783 0 0 0 0.00044026949495987557 0.00062909803305497187 0.0028280686981328497 0 0 0 0.0003154324971022696 0.00035187450846740264 0.002874155474753531 0 0 0 0.00018909474575099362 -7.3950538678043884e-05 0.0028926640640172976 0 0 0 6.3505595079055378e-05 -0.00057749971449471435 0.0028338701027862713 0 ]
[ 0.38113156968219691 0.21604277251910384 9.398624158792317e-06 1.2356062384479818e-05 -2.7022128858181236e-05 0.12008600408711465 0 0 0.0050269574747817073 0.015796972779577687 0.010814637671823561 0 0 0 0.0045017720516622598 0.014018747464712522 0.01305139622585566 0 0 0 0.0038980806005506179 0.012652660438491316 0.014392196215069843 0 0 0 0.0032554378753640858 0.012130701717752775 0.014839914069546135 0 0 0 0.002612091499056308 0.012616097779780568 0.014424618532232189 0 0 0 0.0020062390377744042 0.013957029738347584 0.013117950612802109 0 0 0 0.0014774196078803595 0.015729458201833926 0.010913110489983368 0 0 0 0.0010618817902972632 0.017390575869515632 0.0079949881245977728 0 0 0 0.0007817516602818495 0.018527030703356068 0.0048214936668463243 0 0 0 0.00063498853322251005 0.019048509386319877 0.002003466201002474 0 0 0 0.00059360914720813179 0.019162865756549231 7.9766474302932753e-05 0 0 0 0.00061047047247237351 0.019156941582769611 -0.00062327685455635772 0 0 0 0.00062909803305497187 0.084787168286064654 3.0570218516410602e-14 0 0 0 0.00059276381686477889 0.019056240979115145 0.0018556625090092049 0 0 0 0.00045353703206680614 0.018559453000087926 0.004630037838895232 0 0 0 0.00018211955533369676 0.017454944028922104 0.0077944102810257746 0 ]
[ -0.21604277147380702 0.38113156916775465 -3.0530838962747548e-05 1.9013036062628709e-05 3.1954760010719736e-05 0.26436681640640169 0 0 0.011213886685264182 -0.010814637628179845 0.015796972762806956 0 0 0 0.010562343000183034 -0.013051396187458167 0.014018747457742682 0 0 0 0.0099815535321440552 -0.014392196182782896 0.012652660438242713 0 0 0 0.0094432386214896944 -0.014839914043305908 0.012130701721199824 0 0 0 0.0089057457228972712 -0.0144246185113909 0.012616097784519286 0 0 0 0.0083271673784582664 -0.013117950596575523 0.013957029742788622 0 0 0 0.0076785299036416597 -0.010913110477718412 0.015729458205165341 0 0 0 0.0069528114668537524 -0.0079949881157977704 0.017390575871559951 0 0 0 0.0061648786942607205 -0.0048214936610497241 0.018527030704356278 0 0 0 0.0053410011473344838 -0.0020034661976660617 0.019048509386683947 0 0 0 0.0045043221596834946 -7.9766472777059982e-05 0.019162865756633805 0 0 0 0.0036661804506735556 0.00062327685498423746 0.019156941582778097 0 0 0 0.0028280686981328497 3.0570218516410602e-14 0.045412168286064654 0 0 0 0.0019912941202087598 -0.0018556625085819952 0.019056240979122438 0 0 0 0.0011665948701705085 -0.0046300378373785233 0.018559453000149079 0 0 0 0.000376531774405357 -0.00779441027773048 0.017454944029133765 0 ]
[ 0 0 0 0 0 0 0 0 0 0 0 0 0 0 0 0 0 0 0 0 0 0 0 0 0 0 0 0 0 0 0 0 0 0 0 0 0 0 0 0 0 0 0 0 0 0 0 0 0 0 0 0 0 0 0 0 0 0 0 0 0 0 0 0 0 0 0 0 0 0 0 0 0 0 0 0 0 0 0 0 0 0 0 1 0 0 0 0 0 0 0 0 0 0 0 0 0 0 0 0 0 0 ]
[ 0 0 0 0 0 0 0 0 0 0 0 0 0 0 0 0 0 0 0 0 0 0 0 0 0 0 0 0 0 0 0 0 0 0 0 0 0 0 0 0 0 0 0 0 0 0 0 0 0 0 0 0 0 0 0 0 0 0 0 0 0 0 0 0 0 0 0 0 0 0 0 0 0 0 0 0 0 0 0 0 0 0 0 0 1 0 0 0 0 0 0 0 0 0 0 0 0 0 0 0 0 0 ]
[ 0 0 0 0 0 0 0 0 0 0 0 0 0 0 0 0 0 0 0 0 0 0 0 0 0 0 0 0 0 0 0 0 0 0 0 0 0 0 0 0 0 0 0 0 0 0 0 0 0 0 0 0 0 0 0 0 0 0 0 0 0 0 0 0 0 0 0 0 0 0 0 0 0 0 0 0 0 0 0 0 0 0 0 0 0 1 0 0 0 0 0 0 0 0 0 0 0 0 0 0 0 0 ]
[ -0.010659949117232842 0.046286379640345904 -3.0271125443612629e-06 2.3468407225273816e-06 2.5831287048280397e-06 0.031233272139901153 0 0 0.0013228466717098016 -0.00063512301056062553 0.0019759972354119974 0 0 0 0.0012388990801509956 -0.00092255089052310747 0.0018604082056204428 0 0 0 0.0011598752548347619 -0.0011041306195492154 0.0017599308444640762 0 0 0 0.0010840601479986034 -0.0011667986892901691 0.0017195425722650003 0 0 0 0.0010083086916492653 -0.0011086306144207372 0.001757134481936563 0 0 0 0.00092944778124527791 -0.00093137568015708584 0.0018560537395090485 0 0 0 0.00084568976861195647 -0.00064744378157004288 0.001972027721792469 0 0 0 0.00075742625758567367 -0.00029283721265012662 0.0020543719184425531 0 0 0 0.00066688645992551109 7.2076310848729453e-05 0.0020742987387450847 0 0 0 0.00057673694500082542 0.00038103039652518061 0.002041318245169912 0 0 0 0.00048851697228986595 0.00058446094685458689 0.0019936968519223652 0 0 0 0.00040194652015258439 0.00065733152266506676 0.0019713345909666688 0 0 0 0.0003154324971022696 0.00059276381686477911 0.0019912941202087598 0 0 0 0.00022747012284450924 0.00039677745540184456 0.0020383737768200085 0 0 0 0.0001372836983883676 9.3064226434934336e-05 0.0020733014083533759 0 0 0 4.6715211275780476e-05 -0.0002701866206931914 0.0020567448855568836 0 ]
[ 0.39991940353275435 0.1779267115054643 1.4326195517876198e-05 1.0566102594732159e-05 -3.1303030629680888e-05 0.093817407473910069 0 0 0.0039130773295599046 0.016755815415830648 0.0092244104843230441 0 0 0 0.003453923427996497 0.015204138773166393 0.01162084772754071 0 0 0 0.0029098512886259805 0.013975533446925795 0.013086430495403438 0 0 0 0.002322932796193678 0.013499850600079726 0.01358218711782307 0 0 0 0.0017352349902556587 0.013942315026766475 0.013122211943881018 0 0 0 0.0011887998182846216 0.015149211252305114 0.011693006148501417 0 0 0 0.00072575082127683663 0.016698214323610957 0.0093288700621561322 0 0 0 0.00038281369805331288 0.018067458389002273 0.0062662220703885527 0 0 0 0.00018055108910098534 0.018890246502709134 0.0030004370654247501 0 0 0 0.00011438990115870009 0.019135921693505673 0.00014768144905361603 0 0 0 0.00015426236711196323 0.019063355552894626 -0.0017763271161741936 0 0 0 0.00025219127575477787 0.01898938492242342 -0.0024748625793805244 0 0 0 0.00035187450846740253 0.019056240979115145 -0.0018556625085819952 0 0 0 0.00039677745540184456 0.084760822871198876 3.0546115746243135e-14 0 0 0 0.00033816706873254136 0.018911690650675418 0.0028080232699673993 0 0 0 0.00014469715068232054 0.018119468813075031 0.0060629771156229277 0 ]
[ -0.17792671021220821 0.39991940314381047 -3.1249668863609964e-05 1.9997446187499323e-05 3.0349434699036936e-05 0.27453902439307687 0 0 0.011638928649649691 -0.0092244104308577182 0.016755815405027449 0 0 0 0.010940174335614315 -0.011620847681303174 0.015204138772748056 0 0 0 0.010304176124769804 -0.013086430456934682 0.013975533453251388 0 0 0 0.0097066429165589586 -0.013582187086583059 0.013499850609673127 0 0 0 0.0091098589819769531 -0.013122211918750773 0.013942315036914 0 0 0 0.008475850258631578 -0.011693006128356026 0.015149211261217446 0 0 0 0.0077796339905505246 -0.0093288700461947646 0.016698214330365398 0 0 0 0.0070177377923174864 -0.0062662220581498123 0.018067458393415323 0 0 0 0.0062070876885319945 -0.0030004370565917828 0.018890246505143069 0 0 0 0.0053736086266341788 -0.00014768144324082529 0.019135921694593914 0 0 0 0.0045376046558956197 0.0017763271195097704 0.019063355553260265 0 0 0 0.0037057859221428049 0.0024748625809035583 0.018989384922502156 0 0 0 0.002874155474753531 0.0018556625090092049 0.019056240979122438 0 0 0 0.0020383737768200085 3.0546115746243135e-14 0.045385822871198869 0 0 0 0.0012044786601860685 -0.002808023269541108 0.018911690650680407 0 0 0 0.00039222113772583123 -0.0060629771141126358 0.018119468813109017 0 ]
[ 0 0 0 0 0 0 0 0 0 0 0 0 0 0 0 0 0 0 0 0 0 0 0 0 0 0 0 0 0 0 0 0 0 0 0 0 0 0 0 0 0 0 0 0 0 0 0 0 0 0 0 0 0 0 0 0 0 0 0 0 0 0 0 0 0 0 0 0 0 0 0 0 0 0 0 0 0 0 0 0 0 0 0 0 0 0 0 0 0 1 0 0 0 0 0 0 0 0 0 0 0 0 ]
[ 0 0 0 0 0 0 0 0 0 0 0 0 0 0 0 0 0 0 0 0 0 0 0 0 0 0 0 0 0 0 0 0 0 0 0 0 0 0 0 0 0 0 0 0 0 0 0 0 0 0 0 0 0 0 0 0 0 0 0 0 0 0 0 0 0 0 0 0 0 0 0 0 0 0 0 0 0 0 0 0 0 0 0 0 0 0 0 0 0 0 1 0 0 0 0 0 0 0 0 0 0 0 ]
[ 0 0 0 0 0 0 0 0 0 0 0 0 0 0 0 0 0 0 0 0 0 0 0 0 0 0 0 0 0 0 0 0 0 0 0 0 0 0 0 0 0 0 0 0 0 0 0 0 0 0 0 0 0 0 0 0 0 0 0 0 0 0 0 0 0 0 0 0 0 0 0 0 0 0 0 0 0 0 0 0 0 0 0 0 0 0 0 0 0 0 0 1 0 0 0 0 0 0 0 0 0 0 ]
[ -0.0041316027596730934 0.028314787624450097 -1.8054724193011775e-06 1.4371370793514758e-06 1.4201098057073418e-06 0.018982384320215741 0 0 0.00080367339035088852 -0.00028448573522478742 0.0012176037526198226 0 0 0 0.00075158057799055435 -0.00046273548368626225 0.001162289782828267 0 0 0 0.00070193699956556932 -0.00057668891643742953 0.0011108605572796762 0 0 0 0.00065395724296282427 -0.00061629728162482364 0.0010896819347336211 0 0 0 0.00060601087385563838 -0.00057952797920753129 0.0011094021079413345 0 0 0 0.00055645075519478485 -0.00046824770978951013 0.0011601077961749949 0 0 0 0.00050444885538382682 -0.00029207821866909827 0.0012158242877841178 0 0 0 0.00045043560499312039 -7.5121406022128924e-05 0.0012478834669162849 0 0 0 0.00039583967855215716 0.00014496427977165826 0.0012419594606035006 0 0 0 0.0003422119627092935 0.00032885602281745461 0.0012070110210514102 0 0 0 0.00029029905223238968 0.00044866944062451594 0.001168444592586878 0 0 0 0.00023967547335177399 0.00049132763172434401 0.0011514451091609015 0 0 0 0.00018909474575099362 0.00045353703206680614 0.0011665948701705085 0 0 0 0.0001372836983883676 0.00033816706873254136 0.0012044786601860685 0 0 0 8.3881760887276219e-05 0.00015751202655652725 0.0012404445804531294 0 0 0 2.9176931380847219e-05 -6.1445310668696462e-05 0.0012484321307882947 0 ]
[ 0.42131633132128099 0.11714804592048227 2.0803761350490062e-05 7.6294925752777135e-06 -3.6749685833687398e-05 0.052428844475429143 0 0 0.002159191259238892 0.01791197343486978 0.0066570595581562728 0 0 0 0.0018079789060986566 0.016730220182388556 0.0092529519351904933 0 0 0 0.0013636401312947036 0.015731142397561765 0.010881549750096637 0 0 0 0.00087131556265924689 0.015333808756905189 0.011441265811704812 0 0 0 0.00037811091599292119 0.015703565741862994 0.010921784004946294 0 0 0 -6.8854982581353631e-05 0.016686527987422477 0.0093323201215456397 0 0 0 -0.00042428896678934616 0.01787037890924182 0.0067687406786077955 0 0 0 -0.00065138846768491947 0.018774091676016326 0.0035412553916628065 0 0 0 -0.00073231674359887226 0.019107978604972608 0.00019321093644717233 0 0 0 -0.00067539713633901158 0.018932157668994337 -0.0026619866647924649 0 0 0 -0.00051332252889718199 0.01857812511508113 -0.0045526810332707649 0 0 0 -0.00029448954808043693 0.018402525620216992 -0.005232133119398007 0 0 0 -7.3950538678043884e-05 0.018559453000087926 -0.0046300378373785233 0 0 0 9.3064226434934227e-05 0.018911690650675418 -0.0028080232695411071 0 0 0 0.00015751202655652725 0.084733106731237309 3.0519389568808e-14 0 0 0 8.5476888791035608e-05 0.018804007601845467 0.0033342249345448974 0 ]
[ -0.117148044367395 0.42131633116041262 -3.0532468187633544e-05 2.1209146856107705e-05 2.6557348166821413e-05 0.28508796740399872 0 0 0.012076738837581744 -0.0066570594947283571 0.017911973434267179 0 0 0 0.011318841925952896 -0.009252951881580455 0.016730220192196846 0 0 0 0.010610501246483231 -0.010881549706258859 0.015731142413575244 0 0 0 0.0099338853238128254 -0.011441265776370467 0.015333808775264085 0 0 0 0.0092578954944522642 -0.01092178397632361 0.015703565759635881 0 0 0 0.0085511741229569171 -0.0093323200980314873 0.016686528002691166 0 0 0 0.0077952138065567143 -0.0067687406591831643 0.017870378921000664 0 0 0 0.0069919720485095947 -0.0035412553758981434 0.018774091684068482 0 0 0 0.0061611927526146644 -0.00019321092422285149 0.019107978609786625 0 0 0 0.0053278244154029812 0.0026619866736226926 0.018932157671439239 0 0 0 0.0045075198671610736 0.0045526810390644221 0.018578125116090596 0 0 0 0.00369987022025743 0.0052321331227167941 0.018402525620529381 0 0 0 0.0028926640640172976 0.004630037838895232 0.018559453000149079 0 0 0 0.0020733014083533759 0.0028080232699673993 0.018911690650680407 0 0 0 0.0012404445804531294 3.0519389568820924e-14 0.045358106731237302 0 0 0 0.00040901424344682007 -0.0033342249341193116 0.018804007601847323 0 ]
[ 0 0 0 0 0 0 0 0 0 0 0 0 0 0 0 0 0 0 0 0 0 0 0 0 0 0 0 0 0 0 0 0 0 0 0 0 0 0 0 0 0 0 0 0 0 0 0 0 0 0 0 0 0 0 0 0 0 0 0 0 0 0 0 0 0 0 0 0 0 0 0 0 0 0 0 0 0 0 0 0 0 0 0 0 0 0 0 0 0 0 0 0 0 0 0 1 0 0 0 0 0 0 ]
[ 0 0 0 0 0 0 0 0 0 0 0 0 0 0 0 0 0 0 0 0 0 0 0 0 0 0 0 0 0 0 0 0 0 0 0 0 0 0 0 0 0 0 0 0 0 0 0 0 0 0 0 0 0 0 0 0 0 0 0 0 0 0 0 0 0 0 0 0 0 0 0 0 0 0 0 0 0 0 0 0 0 0 0 0 0 0 0 0 0 0 0 0 0 0 0 0 1 0 0 0 0 0 ]
[ 0 0 0 0 0 0 0 0 0 0 0 0 0 0 0 0 0 0 0 0 0 0 0 0 0 0 0 0 0 0 0 0 0 0 0 0 0 0 0 0 0 0 0 0 0 0 0 0 0 0 0 0 0 0 0 0 0 0 0 0 0 0 0 0 0 0 0 0 0 0 0 0 0 0 0 0 0 0 0 0 0 0 0 0 0 0 0 0 0 0 0 0 0 0 0 0 0 1 0 0 0 0 ]
[ -0.00062280130647897694 0.0095417867098235732 -5.9062720178684109e-07 4.8326079425122581e-07 4.2651684436469223e-07 0.0063804257597312479 0 0 0.00027006877380675434 -6.2363371836746546e-05 0.00041316212754913842 0 0 0 0.00025227588268829951 -0.00012321146435873619 0.00039947994364828294 0 0 0 0.00023512711435850594 -0.0001625386531557849 0.00038538085410329427 0 0 0 0.00021844272843205844 -0.00017629603068102084 0.00037938010197741367 0 0 0 0.00020176780655415072 -0.00016352317350375983 0.00038497058304185156 0 0 0 0.00018464194603321101 -0.00012510568667415748 0.00039889979098066067 0 0 0 0.00016687162140319387 -6.4939830505934907e-05 0.00041277141368920348 0 0 0 0.00014866335402954396 8.1830268232322114e-06 0.00041767726848687426 0 0 0 0.00013051952467644587 8.1337391276205728e-05 0.00040984741191693944 0 0 0 0.00011293689416128823 0.00014166296617460698 0.00039331245301389201 0 0 0 9.6104252227534594e-05 0.00018054734984525637 0.00037727745695022324 0 0 0 7.9796361803086209e-05 0.00019430471644444166 0.00037047967184495272 0 0 0 6.3505595079055364e-05 0.00018211955533369676 0.000376531774405357 0 0 0 4.6715211275780476e-05 0.00014469715068232054 0.00039222113772583117 0 0 0 2.9176931380847216e-05 8.5476888791035608e-05 0.00040901424344682007 0 0 0 1.1186202126972882e-05 1.274924678781423e-05 0.00041755011545745451 0 ]
[ 0.43502330497136249 0.041761716146393998 2.7875345416018149e-05 3.9297256944220139e-06 -4.2167999185789329e-05 0.0018468946770830511 0 0 1.7453915330343029e-05 0.018787258394893289 0.0034252652559004582 0 0 0 -0.00019590238090616107 0.018077340776999132 0.0061858681868579048 0 0 0 -0.00050954357794089316 0.01737839919264866 0.0079627621412366751 0 0 0 -0.00087593916626901836 0.017085078882192593 0.0085828617625697337 0 0 0 -0.0012433100113660822 0.017358283621756038 0.008007165095557274 0 0 0 -0.0015598188908287306 0.018048195580402666 0.0062715915484211609 0 0 0 -0.0017776672545184653 0.018765815513027091 0.0035424190865658758 0 0 0 -0.0018609822956227129 0.019091932084977666 0.00020883209775167472 0 0 0 -0.001795657395271155 0.018836294233096424 -0.0031439603151314655 0 0 0 -0.0015942360402226904 0.018165090117728634 -0.0059228457845784208 0 0 0 -0.0012916197996615912 0.017486815425160947 -0.0077215478744074237 0 0 0 -0.00093536044636416925 0.017195467307195286 -0.0083595007518379207 0 0 0 -0.00057749971449471446 0.017454944028922104 -0.00779441027773048 0 0 0 -0.00027018662069319135 0.018119468813075031 -0.0060629771141126367 0 0 0 -6.1445310668696476e-05 0.01880400760184547 -0.0033342249341193112 0 0 0 1.2749246787814234e-05 0.084716763942490378 3.0501966399281589e-14 0 ]
[ -0.041761714356955075 0.43502330512569981 -2.8146301260463859e-05 2.2099238687351744e-05 2.0864467518787527e-05 0.28968743170155997 0 0 0.01226081154707687 -0.0034252651837445363 0.018787258407992658 0 0 0 0.0114537460792066 -0.0061858681273951593 0.018077340799921352 0 0 0 0.010679195503078151 -0.0079627620936272032 0.017378399220699656 0 0 0 0.0099274897660129278 -0.0085828617246353801 0.017085078911255824 0 0 0 0.0091762465538826939 -0.0080071650646991975 0.017358283648810331 0 0 0 0.008402831007248434 -0.0062715915224685944 0.018048195603489095 0 0 0 0.0075969345650570928 -0.0035424190642356309 0.018765815531087335 0 0 0 0.006766904993732792 -0.00020883207864765452 0.019091932097783225 0 0 0 0.0059352829058224033 0.0031439603308831454 0.01883629424118545 0 0 0 0.0051251657432527737 0.0059228457968055325 0.018165090122183779 0 0 0 0.0043462516969770262 0.0077215478831990873 0.017486815427236548 0 0 0 0.003589693859223322 0.0083595007575876165 0.01719546730797223 0 0 0 0.0028338701027862713 0.0077944102810257746 0.017454944029133761 0 0 0 0.0020567448855568836 0.0060629771156229277 0.018119468813109017 0 0 0 0.0012484321307882947 0.003334224934544897 0.018804007601847323 0 0 0 0.00041755011545745451 3.0501966399268665e-14 0.045341763942490385 0 ]
[ 0 0 0 0 0 0 0 0 0 0 0 0 0 0 0 0 0 0 0 0 0 0 0 0 0 0 0 0 0 0 0 0 0 0 0 0 0 0 0 0 0 0 0 0 0 0 0 0 0 0 0 0 0 0 0 0 0 0 0 0 0 0 0 0 0 0 0 0 0 0 0 0 0 0 0 0 0 0 0 0 0 0 0 0 0 0 0 0 0 0 0 0 0 0 0 0 0 0 0 0 0 1 ] ]