1.337964925869078670e+01
9.268332434690671917e+00
3.796946315890790569e+00
2.433193151977143920e+00
2.184315152142018324e+00
8.970759946884471203e-01
6.050063855510536825e-01
1.548629274557600244e-01
1.320105670612576887e-01
9.606589921441871516e-02
7.354813815148782130e-02
4.131657951657361633e-02
2.761116047951077748e-02
2.264459232817566531e-02
1.996171018672403610e-02
1.692504343171123346e-02
1.553145450987344738e-02
1.414433908716041834e-02
6.143407877003386613e-03
6.029282556266706700e-03
4.659123634997283311e-03
3.677818584519316428e-03
2.726123700215036128e-03
2.461971468175640047e-03
2.288978835417430219e-03
1.273766856103073592e-03
7.541024305243778508e-04
6.587061188465553234e-04
4.558084243542601024e-04
4.008550620222798731e-04
2.697882416523901821e-04
2.107912326479808175e-04
1.869336118804446078e-04
9.469395346534466458e-05
7.397040447535405995e-05
5.898858146881782956e-05
5.466308797560491816e-05
2.985112247615959134e-05
2.448755584396539986e-05
2.151916976422617024e-05
1.548658383043070703e-05
1.182532636623915321e-05
9.805782177164824385e-06
8.455788654117356551e-06
7.411416230909990045e-06
5.722698954124045946e-06
3.257355418837454905e-06
1.846351432205341770e-06
9.102216578683265766e-16
9.102216578683265766e-16
9.102216578683265766e-16
9.102216578683265766e-16
9.102216578683265766e-16
9.102216578683265766e-16
9.102216578683265766e-16
9.102216578683265766e-16
9.102216578683265766e-16
9.102216578683265766e-16
9.102216578683265766e-16
9.102216578683265766e-16
9.102216578683265766e-16
9.102216578683265766e-16
9.102216578683265766e-16
9.102216578683265766e-16
9.102216578683265766e-16
9.102216578683265766e-16
9.102216578683265766e-16
9.102216578683265766e-16
9.102216578683265766e-16
9.102216578683265766e-16
9.102216578683265766e-16
9.102216578683265766e-16
9.102216578683265766e-16
9.102216578683265766e-16
9.102216578683265766e-16
9.102216578683265766e-16
9.102216578683265766e-16
9.102216578683265766e-16
9.102216578683265766e-16
9.102216578683265766e-16
9.102216578683265766e-16
9.102216578683265766e-16
9.102216578683265766e-16
9.102216578683265766e-16
9.102216578683265766e-16
9.102216578683265766e-16
9.102216578683265766e-16
9.102216578683265766e-16
9.102216578683265766e-16
9.102216578683265766e-16
9.102216578683265766e-16
9.102216578683265766e-16
9.102216578683265766e-16
9.102216578683265766e-16
9.102216578683265766e-16
7.611897441564929211e-17
