[
[ 30000.670069999996 0 0 0 0 -0.034231615136446757 -0.005526074882967991 0.00015768044651591625 0.0031898460718748733 0.005789243810655144 -0.0038567043685608241 0.0018295586709751663 0.00083392971367842882 -0.00039776843677909445 -5.5032801014385678e-05 -0.00012315348252442691 -0.00011563550817749326 -0.00010576300665785288 -4.5153239554718774e-05 -1.323886497025118e-05 -4.9717056912393416e-05 8.5109181687364159e-08 ]
[ 0 30000.670069999996 0 0 0 0.42013180408424594 0.001277362839846358 0.0044728808871209282 -0.024921261134198791 -0.026200553933648722 0.020908413342591473 -0.0080112755150776732 -0.0047841933393616819 0.0016933133437057992 0.00074762302001939824 0.00075961795219418242 0.00061242009492606313 0.00055761621641168646 0.00020112228930942497 5.0788366315375774e-05 0.00027582632975373144 -3.1558654738788981e-05 ]
[ 0 0 30000.670069999996 0.034231615136446736 -0.42013180408424622 0 0 0 0 0 0 0 0 0 0 0 0 0 0 0 0 0 ]
[ 0 0 0.034231615136446736 30000.072346397119 -0.023234543948505125 0 0 0 0 0 0 0 0 0 0 0 0 0 0 0 0 0 ]
[ 0 0 -0.42013180408424622 -0.023234543948505128 30000.342681786195 0 0 0 0 0 0 0 0 0 0 0 0 0 0 0 0 0 ]
[ -0.034231615136446757 0.42013180408424594 0 0 0 30000.344943183314 0.0016347569413275626 0.0036551348808876588 -0.020502063114810284 -0.021791876691534408 0.017254962043821914 -0.0066501535854249227 -0.0039309746402694662 0.0014085708798741955 0.00060245734048115296 0.00062066635397512175 0.00049759033723196307 0.00046219012642904157 0.00017483328418236129 4.0529630723861551e-05 0.00023288286502632456 -2.8027954315639656e-05 ]
[ -0.005526074882967991 0.0012773628398463578 0 0 0 0.0016347569413275626 0.00016104849566747658 1.4318341512758525e-05 -0.00013510833406234272 -0.00020797464427781695 0.0001473425133801199 -6.4708637548454735e-05 -3.0824283787099379e-05 1.3627143673173366e-05 3.2558596306950637e-06 5.0767517233085094e-06 4.6037055665845685e-06 4.3020519236307965e-06 1.8823107714045668e-06 5.1820206363114314e-07 2.0068666167765846e-06 -1.3326633414737091e-07 ]
[ 0.00015768044651591625 0.0044728808871209291 0 0 0 0.0036551348808876588 1.4318341512758529e-05 8.1128209872827003e-05 -0.00023593239827965451 -0.0002449723989906762 0.00019317142384973643 -7.3840446091055315e-05 -4.4095110333662742e-05 1.5566662779018821e-05 6.9354261924811467e-06 6.9913149704634737e-06 5.6223981313845748e-06 5.0444905353089229e-06 2.1060067105283836e-06 4.1913449506467162e-07 2.4861481650663281e-06 -2.7842781009240344e-07 ]
[ 0.0031898460718748733 -0.024921261134198791 0 0 0 -0.020502063114810284 -0.00013510833406234272 -0.00023593239827965449 0.0012565531360035169 0.001345044868699654 -0.0010520320918273294 0.00041243475552979437 0.00023658713784054162 -8.7142289234197289e-05 -3.5103904053580233e-05 -3.7639161402181974e-05 -3.0450107071857377e-05 -2.8339862433792019e-05 -1.0999510134635979e-05 -2.5129201624361303e-06 -1.4069575480068754e-05 1.6327601769652294e-06 ]
[ 0.0057892438106551449 -0.026200553933648722 0 0 0 -0.021791876691534408 -0.00020797464427781695 -0.0002449723989906762 0.001345044868699654 0.0015004140011531176 -0.0011492136285622802 0.00044924287813322887 0.00025766759602366494 -9.4333047669316471e-05 -3.8503646145220927e-05 -4.1012985366555108e-05 -3.3615763843287845e-05 -3.0680062644659308e-05 -1.1962484063912467e-05 -2.7549160588738107e-06 -1.5266640305495534e-05 1.7395045670370555e-06 ]
[ -0.0038567043685608241 0.020908413342591473 0 0 0 0.017254962043821914 0.00014734251338011992 0.00019317142384973643 -0.0010520320918273294 -0.0011492136285622802 0.00090566250271604089 -0.0003500582379182155 -0.00020064453721779053 7.3625404942575593e-05 2.9808890587986837e-05 3.183606225919274e-05 2.6106209704436979e-05 2.3878860997506165e-05 9.1958542796832593e-06 2.2052529661778296e-06 1.1915294539736053e-05 -1.3635717061019345e-06 ]
[ 0.0018295586709751665 -0.0080112755150776732 0 0 0 -0.0066501535854249227 -6.4708637548454735e-05 -7.3840446091055315e-05 0.00041243475552979437 0.00044924287813322887 -0.00035005823791821544 0.00014406857890801822 7.7437202146934483e-05 -2.7668735682938891e-05 -1.1771921176278143e-05 -1.2262887999085548e-05 -1.0300190817746254e-05 -9.0041336605673338e-06 -3.5894814412657346e-06 -8.2914550442952239e-07 -4.6283135272869831e-06 5.7185437005440519e-07 ]
[ 0.00083392971367842882 -0.0047841933393616819 0 0 0 -0.0039309746402694662 -3.0824283787099379e-05 -4.4095110333662742e-05 0.00023658713784054165 0.00025766759602366499 -0.00020064453721779053 7.7437202146934497e-05 5.0697121459893595e-05 -1.6782587646203179e-05 -5.9418429787854446e-06 -7.0923831912024211e-06 -5.9330028315469491e-06 -5.47647567417237e-06 -2.1220987732791343e-06 -5.4398005941128075e-07 -2.6712611519262821e-06 2.6186160265670658e-07 ]
[ -0.00039776843677909445 0.0016933133437057992 0 0 0 0.0014085708798741955 1.3627143673173366e-05 1.5566662779018821e-05 -8.7142289234197289e-05 -9.4333047669316471e-05 7.3625404942575593e-05 -2.7668735682938891e-05 -1.6782587646203179e-05 9.7084049250571172e-06 2.0448974575621073e-06 1.9972632718879084e-06 2.303019230101693e-06 1.6358143450946173e-06 7.8264114629563599e-07 1.71268936658191e-07 9.1828781764406397e-07 -1.1530119497457899e-07 ]
[ -5.5032801014385684e-05 0.00074762302001939835 0 0 0 0.00060245734048115296 3.2558596306950637e-06 6.9354261924811467e-06 -3.5103904053580233e-05 -3.8503646145220927e-05 2.9808890587986834e-05 -1.1771921176278143e-05 -5.9418429787854446e-06 2.0448974575621068e-06 3.7971626013639523e-06 1.0461954408890217e-06 6.9856503129284816e-07 1.3864077874351593e-06 3.5262797542738134e-07 9.125208873940688e-08 4.5976383099541878e-07 -3.1707796151088181e-08 ]
[ -0.00012315348252442691 0.00075961795219418253 0 0 0 0.00062066635397512175 5.0767517233085103e-06 6.9913149704634737e-06 -3.7639161402181974e-05 -4.1012985366555108e-05 3.183606225919274e-05 -1.2262887999085548e-05 -7.0923831912024211e-06 1.9972632718879084e-06 1.0461954408890217e-06 3.1356709774925081e-06 5.6943756373861167e-07 1.0903902878401387e-06 3.3381189615331666e-07 3.2718098837653979e-07 4.6451730733173469e-07 -4.8371881503696099e-08 ]
[ -0.00011563550817749326 0.00061242009492606313 0 0 0 0.00049759033723196296 4.6037055665845685e-06 5.622398131384574e-06 -3.0450107071857377e-05 -3.3615763843287852e-05 2.6106209704436979e-05 -1.0300190817746254e-05 -5.9330028315469482e-06 2.3030192301016934e-06 6.9856503129284826e-07 5.6943756373861156e-07 2.0362022985960907e-06 3.132438141085714e-07 2.0641781704783207e-07 -1.5959558278078622e-07 5.2250322756355763e-07 -3.5403421147479886e-08 ]
[ -0.00010576300665785287 0.00055761621641168646 0 0 0 0.00046219012642904157 4.3020519236307965e-06 5.0444905353089229e-06 -2.8339862433792019e-05 -3.0680062644659308e-05 2.3878860997506162e-05 -9.0041336605673338e-06 -5.47647567417237e-06 1.6358143450946171e-06 1.3864077874351593e-06 1.0903902878401387e-06 3.132438141085714e-07 2.8627355323191653e-06 4.450800925578617e-07 1.4182685925710437e-07 -7.4953490214502769e-08 -1.2564069830893546e-07 ]
[ -4.5153239554718774e-05 0.00020112228930942497 0 0 0 0.00017483328418236126 1.8823107714045664e-06 2.1060067105283836e-06 -1.0999510134635979e-05 -1.1962484063912463e-05 9.1958542796832593e-06 -3.5894814412657346e-06 -2.1220987732791343e-06 7.8264114629563599e-07 3.5262797542738134e-07 3.3381189615331666e-07 2.0641781704783202e-07 4.4508009255786175e-07 1.1744772305962455e-06 1.0324150897453952e-07 -4.4479777646554076e-08 -4.8226895468310443e-08 ]
[ -1.323886497025118e-05 5.0788366315375774e-05 0 0 0 4.0529630723861551e-05 5.1820206363114335e-07 4.1913449506467152e-07 -2.5129201624361303e-06 -2.7549160588738103e-06 2.2052529661778296e-06 -8.2914550442952239e-07 -5.4398005941128085e-07 1.71268936658191e-07 9.1252088739406827e-08 3.2718098837653985e-07 -1.5959558278078625e-07 1.4182685925710437e-07 1.0324150897453948e-07 1.4177976023049702e-06 -7.605493281647534e-08 -8.4431144400156009e-08 ]
[ -4.9717056912393416e-05 0.00027582632975373149 0 0 0 0.00023288286502632456 2.006866616776585e-06 2.4861481650663281e-06 -1.4069575480068755e-05 -1.5266640305495534e-05 1.1915294539736051e-05 -4.6283135272869831e-06 -2.6712611519262821e-06 9.1828781764406397e-07 4.5976383099541867e-07 4.6451730733173464e-07 5.2250322756355763e-07 -7.4953490214502875e-08 -4.4479777646554076e-08 -7.6054932816475327e-08 1.7111902703606951e-06 2.6266495969149566e-07 ]
[ 8.5109181687364212e-08 -3.1558654738788981e-05 0 0 0 -2.8027954315639656e-05 -1.3326633414737091e-07 -2.7842781009240334e-07 1.6327601769652305e-06 1.7395045670370555e-06 -1.3635717061019345e-06 5.7185437005440519e-07 2.6186160265670669e-07 -1.1530119497457899e-07 -3.1707796151088188e-08 -4.8371881503696093e-08 -3.5403421147479859e-08 -1.2564069830893546e-07 -4.822689546831047e-08 -8.443114440015597e-08 2.6266495969149566e-07 1.511093652719069e-06 ] ]