[
[ 30000.599999999995 0 0 0 0 -0.035867309197494354 -0.0053435668049378708 0.00016545563038789979 0.0032345028388813574 0.0057825301374080885 -0.0038589930435749442 0.0018189291776870861 0.00083139514339209254 -0.00039538342086007272 -5.6736198851204397e-05 -0.00012300750155280304 -0.00011556566306361616 -0.00010549609367304916 -4.5046256901672165e-05 -1.3215807427859895e-05 -4.923779815888316e-05 2.4890095569770388e-07 ]
[ 0 30000.599999999995 0 0 0 0.39630340515380941 0.001625149063245302 0.0042826260602370639 -0.023659105733048306 -0.025139224027486789 0.019939747661435546 -0.0076729913507179023 -0.0045355618169147811 0.0016148435824454015 0.00070301071353353023 0.00072064207998895943 0.00058462594317491823 0.00053057915625012763 0.00019180955939608255 4.9070854906157052e-05 0.00026146310723476271 -2.9343857528928915e-05 ]
[ 0 0 30000.599999999995 0.035867309197494333 -0.39630340515380968 0 0 0 0 0 0 0 0 0 0 0 0 0 0 0 0 0 ]
[ 0 0 0.035867309197494333 30000.002159106443 -0.023690561281119269 0 0 0 0 0 0 0 0 0 0 0 0 0 0 0 0 0 ]
[ 0 0 -0.39630340515380968 -0.023690561281119269 30000.261775648225 0 0 0 0 0 0 0 0 0 0 0 0 0 0 0 0 0 ]
[ -0.035867309197494354 0.39630340515380941 0 0 0 30000.263919754674 0.0013936716673238522 0.0028185549485105076 -0.015820905235434835 -0.016952216396916225 0.013402260318449178 -0.0051774139994453039 -0.0030456914703162795 0.001090375776223235 0.00046774709913722379 0.00048338078579342414 0.00039309309815199002 0.00035679573045660002 0.00012939936717366914 3.3206525782380281e-05 0.00017565622070833448 -1.9397076881833915e-05 ]
[ -0.0053435668049378699 0.0016251490632453018 0 0 0 0.0013936716673238522 5.2254851396525226e-05 1.0112479675909193e-05 -9.2920426080679092e-05 -0.00011969666706888547 8.8445103362402402e-05 -3.7016404999331041e-05 -1.9701713572318201e-05 7.9021271054681997e-06 2.4101556415334073e-06 3.0495639621581283e-06 2.6146923623462939e-06 2.3787776369797263e-06 9.215440839449504e-07 2.5087925987890515e-07 1.1475206681879948e-06 -8.1719761078963932e-08 ]
[ 0.00016545563038789977 0.0042826260602370648 0 0 0 0.002818554948510508 1.0112479675909194e-05 3.0836791256125468e-05 -0.00016797016002554144 -0.00017780911434761302 0.00014123876308878538 -5.4255433854962042e-05 -3.2140422406325989e-05 1.1415114317981815e-05 5.0020238105265855e-06 5.1091507411251492e-06 4.1404151191118351e-06 3.7573742843614511e-06 1.3564012717283125e-06 3.465270221751992e-07 1.8524164157593701e-06 -2.0937148367990806e-07 ]
[ 0.0032345028388813574 -0.023659105733048306 0 0 0 -0.015820905235434835 -9.2920426080679092e-05 -0.00016797016002554141 0.00095059974724700732 0.0010225333383463266 -0.00080711256247595353 0.00031238981913441594 0.00018333621751546702 -6.5812584445494265e-05 -2.8027361019704177e-05 -2.9080871317520402e-05 -2.3677256145168959e-05 -2.1491917174835098e-05 -7.8068285280989094e-06 -2.0063861300303876e-06 -1.0575981865017096e-05 1.1584411120301332e-06 ]
[ 0.0057825301374080894 -0.025139224027486789 0 0 0 -0.016952216396916225 -0.00011969666706888547 -0.00017780911434761302 0.0010225333383463268 0.0011095009001840254 -0.00087280381078936632 0.0003390995571983056 0.00019807623403871082 -7.1486820467444486e-05 -3.0003710570993776e-05 -3.1384558580548375e-05 -2.5613500374672845e-05 -2.3252324350311797e-05 -8.472683654587195e-06 -2.1840114175567641e-06 -1.1431437547066498e-05 1.2319215344181219e-06 ]
[ -0.0038589930435749442 0.019939747661435546 0 0 0 0.013402260318449178 8.8445103362402429e-05 0.00014123876308878538 -0.00080711256247595364 -0.00087280381078936632 0.00068779980474585156 -0.00026674708082899515 -0.00015609623455467789 5.6219563515865242e-05 2.3729083869340102e-05 2.4743478478507734e-05 2.0175116180825434e-05 1.8314454450796962e-05 6.6653893711789241e-06 1.7161778019371799e-06 9.0071178849436809e-06 -9.7681707056800165e-07 ]
[ 0.0018189291776870861 -0.0076729913507179023 0 0 0 -0.0051774139994453039 -3.7016404999331041e-05 -5.4255433854962035e-05 0.00031238981913441594 0.00033909955719830549 -0.00026674708082899509 0.00010388372186737835 6.0532113017183302e-05 -2.1855053680563683e-05 -9.1628623983240631e-06 -9.5903454469584121e-06 -7.8282274913425365e-06 -7.1066486751855997e-06 -2.5901193918158712e-06 -6.6780372838739069e-07 -3.4935647606366049e-06 3.7603018299337757e-07 ]
[ 0.00083139514339209243 -0.0045355618169147819 0 0 0 -0.00304569147031628 -1.9701713572318204e-05 -3.2140422406325989e-05 0.00018333621751546704 0.00019807623403871082 -0.00015609623455467789 6.0532113017183308e-05 3.5659759633698838e-05 -1.2756826696678537e-05 -5.3930617626046444e-06 -5.6185718390027511e-06 -4.5800252731434788e-06 -4.1575591204868929e-06 -1.5125917940519653e-06 -3.8932834130109647e-07 -2.0449231627542867e-06 2.221690276442594e-07 ]
[ -0.00039538342086007272 0.0016148435824454013 0 0 0 0.001090375776223235 7.9021271054681997e-06 1.1415114317981813e-05 -6.5812584445494265e-05 -7.1486820467444472e-05 5.6219563515865235e-05 -2.1855053680563683e-05 -1.2756826696678535e-05 4.8265687650404049e-06 1.9295836547787768e-06 2.0209326010128914e-06 1.6499244583320944e-06 1.497851840548743e-06 5.460513827040058e-07 1.4081957539216501e-07 7.3627602457128762e-07 -7.9142602552182017e-08 ]
[ -5.6736198851204397e-05 0.00070301071353353034 0 0 0 0.00046774709913722384 2.4101556415334073e-06 5.0020238105265855e-06 -2.8027361019704177e-05 -3.0003710570993776e-05 2.3729083869340098e-05 -9.1628623983240648e-06 -5.3930617626046444e-06 1.9295836547787772e-06 1.0478323251316334e-06 8.5603183172672335e-07 6.9595620683775873e-07 6.316799339666381e-07 2.2901339278014964e-07 5.8750141822903237e-08 3.11019970124235e-07 -3.4406544550650784e-08 ]
[ -0.00012300750155280307 0.00072064207998895943 0 0 0 0.00048338078579342414 3.0495639621581287e-06 5.1091507411251492e-06 -2.9080871317520406e-05 -3.1384558580548375e-05 2.4743478478507731e-05 -9.5903454469584121e-06 -5.6185718390027511e-06 2.0209326010128914e-06 8.5603183172672335e-07 1.1096144454847185e-06 7.2596253437435082e-07 6.5899326257689813e-07 2.3965231564854998e-07 6.1659196244811586e-08 3.2416900583973625e-07 -3.5295091378494997e-08 ]
[ -0.00011556566306361617 0.00058462594317491823 0 0 0 0.00039309309815199007 2.6146923623462943e-06 4.1404151191118351e-06 -2.3677256145168963e-05 -2.5613500374672845e-05 2.0175116180825434e-05 -7.8282274913425365e-06 -4.5800252731434788e-06 1.6499244583320946e-06 6.9595620683775883e-07 7.2596253437435082e-07 8.1073946377916065e-07 5.3739756918172859e-07 1.9560707659254354e-07 5.0370613179034761e-08 2.6428366837588246e-07 -2.8641661015527736e-08 ]
[ -0.00010549609367304916 0.00053057915625012763 0 0 0 0.00035679573045660002 2.3787776369797263e-06 3.7573742843614507e-06 -2.1491917174835098e-05 -2.3252324350311793e-05 1.8314454450796958e-05 -7.1066486751855997e-06 -4.1575591204868921e-06 1.497851840548743e-06 6.316799339666381e-07 6.5899326257689813e-07 5.3739756918172849e-07 7.0658762694265507e-07 1.7757619134438251e-07 4.5728549584079917e-08 2.399089352259717e-07 -2.5994186961584192e-08 ]
[ -4.5046256901672172e-05 0.00019180955939608255 0 0 0 0.00012939936717366914 9.2154408394495051e-07 1.3564012717283123e-06 -7.8068285280989111e-06 -8.472683654587195e-06 6.6653893711789233e-06 -2.5901193918158712e-06 -1.5125917940519651e-06 5.460513827040058e-07 2.2901339278014964e-07 2.3965231564854993e-07 1.9560707659254351e-07 1.7757619134438248e-07 2.8346762673188882e-07 1.6683888706485409e-08 8.7296181779707603e-08 -9.3999507875759662e-09 ]
[ -1.3215807427859895e-05 4.9070854906157052e-05 0 0 0 3.3206525782380281e-05 2.508792598789052e-07 3.465270221751992e-07 -2.0063861300303876e-06 -2.1840114175567636e-06 1.7161778019371797e-06 -6.6780372838739069e-07 -3.8932834130109641e-07 1.4081957539216504e-07 5.8750141822903237e-08 6.1659196244811586e-08 5.0370613179034754e-08 4.5728549584079917e-08 1.6683888706485412e-08 2.2305662835430328e-07 2.2474358819985913e-08 -2.4056638359099007e-09 ]
[ -4.9237798158883153e-05 0.00026146310723476271 0 0 0 0.00017565622070833448 1.147520668187995e-06 1.8524164157593699e-06 -1.0575981865017096e-05 -1.1431437547066498e-05 9.0071178849436809e-06 -3.4935647606366049e-06 -2.0449231627542863e-06 7.3627602457128762e-07 3.11019970124235e-07 3.241690058397362e-07 2.6428366837588241e-07 2.399089352259717e-07 8.729618177970759e-08 2.2474358819985926e-08 3.3674652441026272e-07 -1.2808536720307642e-08 ]
[ 2.4890095569770388e-07 -2.9343857528928915e-05 0 0 0 -1.9397076881833915e-05 -8.1719761078963958e-08 -2.0937148367990803e-07 1.1584411120301332e-06 1.2319215344181219e-06 -9.7681707056800165e-07 3.7603018299337762e-07 2.2216902764425938e-07 -7.9142602552182031e-08 -3.4406544550650777e-08 -3.529509137849499e-08 -2.8641661015527732e-08 -2.5994186961584195e-08 -9.3999507875759778e-09 -2.4056638359098891e-09 -1.280853672030764e-08 2.2018512346118578e-07 ] ]