[
[ 0.070069999999999966 -4.8148248609680896e-35 0 0 0 0.0016356940610475956 -0.00018250807803012095 -7.7751838719835172e-06 -4.4656767006483853e-05 6.7136732470552103e-06 2.2886750141199009e-06 1.0629493288080118e-05 2.5345702863363515e-06 -2.3850159190217682e-06 1.703397836818715e-06 -1.4598097162385535e-07 -6.98451138770942e-08 -2.6691298480372148e-07 -1.0698265304660537e-07 -2.3057542391286367e-08 -4.7925875351026005e-07 -1.6379177401033975e-07 ]
[ 4.8148248609680896e-35 0.070069999999999966 0 0 0 0.023828398930436562 -0.00034778622339894392 0.00019025482688386387 -0.0012621554011504874 -0.0010613299061619352 0.00096866568115592654 -0.00033828416435977227 -0.00024863152244690103 7.8469761260397788e-05 4.4612306485868076e-05 3.8975872205223056e-05 2.7794151751144831e-05 2.7037060161558934e-05 9.3127299133424429e-06 1.7175114092187258e-06 1.4363222518968739e-05 -2.2147972098600653e-06 ]
[ 0 0 0.070069999999999993 -0.0016356940610475958 -0.023828398930436569 0 0 0 0 0 0 0 0 0 0 0 0 0 0 0 0 0 ]
[ 0 0 -0.0016356940610475958 0.070187290673811825 0.00045601733261414409 0 0 0 0 0 0 0 0 0 0 0 0 0 0 0 0 0 ]
[ 0 0 -0.023828398930436569 0.00045601733261414399 0.080906137968917602 0 0 0 0 0 0 0 0 0 0 0 0 0 0 0 0 0 ]
[ 0.0016356940610475956 0.023828398930436562 0 0 0 0.081023428642729461 0.00024108527400371066 0.00083657993237715069 -0.004681157879375451 -0.0048396602946181814 0.0038527017253727389 -0.001472739585979619 -0.00088528316995318667 0.00031819510365096044 0.00013471024134392918 0.00013728556818169761 0.00010449723907997295 0.00010539439597244163 4.5433917008692102e-05 7.3231049414812734e-06 5.7226644317990113e-05 -8.6308774338057397e-06 ]
[ -0.00018250807803012095 -0.00034778622339894392 0 0 0 0.00024108527400371066 0.00010879364427095138 4.2058618368493359e-06 -4.2187907981663646e-05 -8.8277977208931472e-05 5.8897410017717466e-05 -2.7692232549123701e-05 -1.1122570214781178e-05 5.7250165677051684e-06 8.4570398916165621e-07 2.027187761150382e-06 1.9890132042382737e-06 1.9232742866510697e-06 9.6076668745961632e-07 2.6732280375223799e-07 8.5934594858858943e-07 -5.1546573068406974e-08 ]
[ -7.7751838719835172e-06 0.00019025482688386387 0 0 0 0.00083657993237715069 4.2058618368493359e-06 5.0291418616701535e-05 -6.7962238254113118e-05 -6.7163284643063183e-05 5.1932660760951031e-05 -1.9585012236093266e-05 -1.1954687927336757e-05 4.1515484610370097e-06 1.9334023819545617e-06 1.8821642293383239e-06 1.4819830122727397e-06 1.2871162509474731e-06 7.4960543880007134e-07 7.2607472889472409e-08 6.3373174930695811e-07 -6.9056326412495382e-08 ]
[ -4.4656767006483853e-05 -0.0012621554011504874 0 0 0 -0.004681157879375451 -4.2187907981663632e-05 -6.7962238254113118e-05 0.00030595338875650965 0.00032251153035332716 -0.0002449195293513759 0.00010004493639537844 5.325092032507462e-05 -2.1329704788703024e-05 -7.076543033876063e-06 -8.5582900846615733e-06 -6.7728509266884159e-06 -6.8479452589569225e-06 -3.1926816065370692e-06 -5.0653403240574269e-07 -3.4935936150516611e-06 4.7431906493509644e-07 ]
[ 6.713673247055212e-06 -0.0010613299061619352 0 0 0 -0.0048396602946181814 -8.8277977208931472e-05 -6.7163284643063183e-05 0.00032251153035332711 0.00039091310096909236 -0.00027640981777291387 0.0001101433209349233 5.9591361984954184e-05 -2.2846227201872002e-05 -8.4999355742271457e-06 -9.6284267860067377e-06 -8.0022634686150049e-06 -7.4277382943475125e-06 -3.4898004093252705e-06 -5.709046413170472e-07 -3.8352027584290351e-06 5.0758303261893331e-07 ]
[ 2.288675014119884e-06 0.00096866568115592654 0 0 0 0.0038527017253727389 5.8897410017717466e-05 5.1932660760951031e-05 -0.0002449195293513759 -0.00027640981777291387 0.00021786269797018944 -8.3311157089220296e-05 -4.4548302663112666e-05 1.7405841426710344e-05 6.0798067186467374e-06 7.0925837806850045e-06 5.9310935236115461e-06 5.5644065467092049e-06 2.5304649085043377e-06 4.8907516424064991e-07 2.9081766547923703e-06 -3.8675463553393285e-07 ]
[ 1.062949328808012e-05 -0.00033828416435977227 0 0 0 -0.001472739585979619 -2.7692232549123701e-05 -1.9585012236093266e-05 0.00010004493639537844 0.0001101433209349233 -8.3311157089220296e-05 4.018485704063988e-05 1.6905089129751175e-05 -5.8136820023752124e-06 -2.6090587779540789e-06 -2.6725425521271363e-06 -2.4719633264037175e-06 -1.8974849853817333e-06 -9.9936204944986342e-07 -1.6134177604213173e-07 -1.1347487666503775e-06 1.9582418706102762e-07 ]
[ 2.5345702863363524e-06 -0.00024863152244690103 0 0 0 -0.00088528316995318667 -1.1122570214781178e-05 -1.1954687927336757e-05 5.325092032507462e-05 5.959136198495419e-05 -4.4548302663112659e-05 1.6905089129751175e-05 1.5037361826194767e-05 -4.0257609495246439e-06 -5.4878121618080097e-07 -1.4738113521996705e-06 -1.3529775584034703e-06 -1.3189165536854773e-06 -6.095069792271689e-07 -1.5465171811018433e-07 -6.2633798917199596e-07 3.9692575012447219e-08 ]
[ -2.3850159190217682e-06 7.8469761260397788e-05 0 0 0 0.00031819510365096044 5.7250165677051684e-06 4.1515484610370097e-06 -2.1329704788703024e-05 -2.2846227201872002e-05 1.7405841426710341e-05 -5.8136820023752124e-06 -4.0257609495246439e-06 4.8818361600167123e-06 1.1531380278333025e-07 -2.3669329124982981e-08 6.5309477176959881e-07 1.3796250454587433e-07 2.3658976359163019e-07 3.0449361266026013e-08 1.8201179307277645e-07 -3.6158592422396983e-08 ]
[ 1.7033978368187146e-06 4.4612306485868076e-05 0 0 0 0.00013471024134392918 8.4570398916165642e-07 1.9334023819545617e-06 -7.076543033876063e-06 -8.4999355742271457e-06 6.0798067186467374e-06 -2.6090587779540789e-06 -5.4878121618080107e-07 1.153138027833302e-07 2.7493302762323189e-06 1.9016360916229839e-07 2.6088244550895268e-09 7.5472785346852111e-07 1.2361458264723172e-07 3.250194691650365e-08 1.4874386087118378e-07 2.6987483995625984e-09 ]
[ -1.4598097162385545e-07 3.897587220522305e-05 0 0 0 0.00013728556818169761 2.0271877611503825e-06 1.8821642293383239e-06 -8.5582900846615733e-06 -9.6284267860067377e-06 7.0925837806850037e-06 -2.6725425521271363e-06 -1.4738113521996705e-06 -2.3669329124982981e-08 1.9016360916229839e-07 2.0260565320077896e-06 -1.5652497063573929e-07 4.3139702526324081e-07 9.4159580504766669e-08 2.6552179213172818e-07 1.4034830149199847e-07 -1.3076790125201106e-08 ]
[ -6.98451138770942e-08 2.7794151751144828e-05 0 0 0 0.00010449723907997295 1.9890132042382737e-06 1.4819830122727397e-06 -6.7728509266884176e-06 -8.0022634686150065e-06 5.9310935236115461e-06 -2.4719633264037175e-06 -1.3529775584034703e-06 6.5309477176959881e-07 2.6088244550895574e-09 -1.5652497063573934e-07 1.2254628348169298e-06 -2.2415375507315712e-07 1.0810740455288514e-08 -2.0996619595982098e-07 2.5821955918767516e-07 -6.7617601319521557e-09 ]
[ -2.6691298480372169e-07 2.7037060161558934e-05 0 0 0 0.00010539439597244163 1.9232742866510697e-06 1.2871162509474731e-06 -6.8479452589569225e-06 -7.4277382943475116e-06 5.5644065467092049e-06 -1.8974849853817333e-06 -1.3189165536854775e-06 1.3796250454587407e-07 7.5472785346852111e-07 4.3139702526324081e-07 -2.2415375507315715e-07 2.1561479053765104e-06 2.6750390121347919e-07 9.6098309673024442e-08 -3.1486242544047445e-07 -9.964651134735125e-08 ]
[ -1.0698265304660537e-07 9.3127299133424429e-06 0 0 0 4.5433917008692102e-05 9.607666874596159e-07 7.4960543880007134e-07 -3.1926816065370688e-06 -3.4898004093252705e-06 2.5304649085043369e-06 -9.9936204944986342e-07 -6.0950697922716879e-07 2.3658976359163024e-07 1.2361458264723172e-07 9.4159580504766722e-08 1.0810740455288491e-08 2.6750390121347924e-07 8.910096038643567e-07 8.6557620268054122e-08 -1.3177595942626167e-07 -3.8826944680734482e-08 ]
[ -2.305754239128638e-08 1.7175114092187254e-06 0 0 0 7.3231049414812734e-06 2.6732280375223809e-07 7.2607472889472356e-08 -5.0653403240574258e-07 -5.7090464131704656e-07 4.8907516424065002e-07 -1.6134177604213176e-07 -1.5465171811018439e-07 3.0449361266026013e-08 3.2501946916503597e-08 2.6552179213172823e-07 -2.09966195959821e-07 9.6098309673024455e-08 8.6557620268054083e-08 1.1947409739506666e-06 -9.8529291636461263e-08 -8.2025480564246117e-08 ]
[ -4.7925875351026027e-07 1.4363222518968739e-05 0 0 0 5.7226644317990113e-05 8.5934594858859006e-07 6.3373174930695811e-07 -3.4935936150516615e-06 -3.8352027584290351e-06 2.9081766547923703e-06 -1.1347487666503775e-06 -6.2633798917199596e-07 1.8201179307277651e-07 1.4874386087118373e-07 1.4034830149199847e-07 2.5821955918767516e-07 -3.1486242544047456e-07 -1.3177595942626167e-07 -9.8529291636461263e-08 1.3744437459504327e-06 2.7547349641180327e-07 ]
[ -1.6379177401033969e-07 -2.2147972098600649e-06 0 0 0 -8.6308774338057397e-06 -5.1546573068406974e-08 -6.9056326412495329e-08 4.743190649350974e-07 5.0758303261893352e-07 -3.8675463553393285e-07 1.9582418706102762e-07 3.9692575012447312e-08 -3.6158592422396983e-08 2.6987483995625922e-09 -1.3076790125201106e-08 -6.7617601319521284e-09 -9.9646511347351263e-08 -3.8826944680734495e-08 -8.202548056424609e-08 2.7547349641180327e-07 1.2909085292578829e-06 ] ]