[
[ 30000.670069999996 -1.6569414783340829e-18 -3.0892694565383342e-23 3.4269134789571904e-23 9.6634174654542287e-08 -0.034230312323614863 0 0 -0.0014976082413154716 0 0 -0.0015535237757796341 0 0 -0.0017135418816799015 0 0 -0.0019561812212564571 0 0 -0.0022488247427644519 0 0 -0.0025506616088924253 0 0 -0.0028249023295551156 0 0 -0.0030537484458755728 0 0 -0.0032332082224830138 0 0 -0.0033353316495397071 0 0 -0.0032870353474816526 0 0 -0.0030133978364113617 0 0 -0.0025147700533574096 0 0 -0.0018785486241197039 0 0 -0.0012051274325713258 0 0 -0.00056480225827783737 ]
[ -1.6569414783340829e-18 30000.670069999996 2.4469349411457457e-22 -9.663417465454234e-08 -1.4619326002892561e-22 0.42013114013165742 0 0 0.018379429497613547 0 0 0.017104397192880611 0 0 0.01584603489120421 0 0 0.014609473978069516 0 0 0.013391721737689247 0 0 0.012184944791537788 0 0 0.010979705991106167 0 0 0.0097737027945682033 0 0 0.0085673159242803023 0 0 0.0073607571988387631 0 0 0.0061596930878055648 0 0 0.0049990205735325434 0 0 0.0039236911506634964 0 0 0.0029320765210285008 0 0 0.0019744762222166845 0 0 0.0010048036017848859 ]
[ -3.0892694565383342e-23 2.4469349411457448e-22 30000.670069999996 0.034230312323614773 -0.42013114013165759 1.4427858563152463e-22 0 0 -6.7506742579961558e-10 0 0 -1.5046258232741643e-09 0 0 -2.2712935120431233e-09 0 0 -2.9618182966613935e-09 0 0 -3.5611843752689607e-09 0 0 -4.0534055298279345e-09 0 0 -4.425053039166989e-09 0 0 -4.6707047789660447e-09 0 0 -4.7878766245704513e-09 0 0 -4.7607887460326698e-09 0 0 -4.5527881959742871e-09 0 0 -4.1363958730000326e-09 0 0 -3.5308197758917159e-09 0 0 -2.7859530358350945e-09 0 0 -1.9367455740501826e-09 0 0 -1.0029248565303614e-09 ]
[ 3.426913478957191e-23 -9.6634174654542327e-08 0.034230312323614766 30000.072346267785 -0.023233686117467008 -6.2970301909337879e-08 0 0 -2.8878772471290378e-09 0 0 -2.853830535853539e-09 0 0 -2.7925116333794108e-09 0 0 -2.71063121484034e-09 0 0 -2.6080587077227015e-09 0 0 -2.4916455819322699e-09 0 0 -2.3556530881459492e-09 0 0 -2.2056903627565571e-09 0 0 -2.0334631170590631e-09 0 0 -1.8477813062514334e-09 0 0 -1.6374341844992277e-09 0 0 -1.4138366660883353e-09 0 0 -1.16643807610186e-09 0 0 -9.0905412481513832e-10 0 0 -6.1867316005090605e-10 0 0 -3.0770696011513379e-10 ]
[ 9.6634174654542287e-08 -1.4619326002892564e-22 -0.42013114013165753 -0.023233686117467012 30000.342680927755 -5.4009310667796741e-09 0 0 3.0241599971056417e-10 0 0 9.6033794266319829e-10 0 0 1.5521228808323379e-09 0 0 2.0708617343629808e-09 0 0 2.5029431665937793e-09 0 0 2.8471365860131161e-09 0 0 3.0907289984597122e-09 0 0 3.2419085469507227e-09 0 0 3.2886081106666078e-09 0 0 3.235440953747182e-09 0 0 3.0537211132944956e-09 0 0 2.7527067871953292e-09 0 0 2.3354232813479217e-09 0 0 1.8460185586681615e-09 0 0 1.2798562935074555e-09 0 0 6.5738966713124615e-10 ]
[ -0.034230312323614863 0.42013114013165742 1.442785856315247e-22 -6.2970301909337879e-08 -5.4009310667796741e-09 30000.344942195545 0 0 0.014956603335792972 0 0 0.013976900179635878 0 0 0.012993558173363314 0 0 0.012038802248532847 0 0 0.011079921928026093 0 0 0.010139825678237624 0 0 0.0091811667556204249 0 0 0.0082314596571502318 0 0 0.0072612795879834222 0 0 0.0062991855213058645 0 0 0.0053152040248471265 0 0 0.0043578121776837514 0 0 0.003426907619166844 0 0 0.002556584098328687 0 0 0.0016905046332824154 0 0 0.00083265633952826757 ]
[ 0 0 0 0 0 0 1 0 0 0 0 0 0 0 0 0 0 0 0 0 0 0 0 0 0 0 0 0 0 0 0 0 0 0 0 0 0 0 0 0 0 0 0 0 0 0 0 0 0 0 0 0 0 0 ]
[ 0 0 0 0 0 0 0 1 0 0 0 0 0 0 0 0 0 0 0 0 0 0 0 0 0 0 0 0 0 0 0 0 0 0 0 0 0 0 0 0 0 0 0 0 0 0 0 0 0 0 0 0 0 0 ]
[ -0.0014976082413154718 0.018379429497613547 -6.7506742579961547e-10 -2.8878772471290378e-09 3.0241599971056422e-10 0.014956603335792972 0 0 0.00065326079284610367 0 0 0.00061148938285907452 0 0 0.00056846817008465039 0 0 0.00052669759837331825 0 0 0.00048474658435114834 0 0 0.00044361737342290327 0 0 0.00040167604555840114 0 0 0.00036012636000033011 0 0 0.0003176809819742822 0 0 0.00027558936655713872 0 0 0.00023254017608706837 0 0 0.00019065428277367002 0 0 0.00014992720833855439 0 0 0.00011185055430188398 0 0 7.3959577706108376e-05 0 0 3.642871485436308e-05 ]
[ 0 0 0 0 0 0 0 0 0 1 0 0 0 0 0 0 0 0 0 0 0 0 0 0 0 0 0 0 0 0 0 0 0 0 0 0 0 0 0 0 0 0 0 0 0 0 0 0 0 0 0 0 0 0 ]
[ 0 0 0 0 0 0 0 0 0 0 1 0 0 0 0 0 0 0 0 0 0 0 0 0 0 0 0 0 0 0 0 0 0 0 0 0 0 0 0 0 0 0 0 0 0 0 0 0 0 0 0 0 0 0 ]
[ -0.0015535237757796341 0.017104397192880611 -1.5046258232741641e-09 -2.8538305358535386e-09 9.6033794266319829e-10 0.013976900179635876 0 0 0.00061148938285907452 0 0 0.00057783215413367535 0 0 0.00053832015375024529 0 0 0.00049893373623424004 0 0 0.00045933510984019847 0 0 0.00042053807602929834 0 0 0.00038092367345367387 0 0 0.00034169857211488572 0 0 0.00030157437509118086 0 0 0.00026179779141994735 0 0 0.00022104052977749624 0 0 0.00018135047721468115 0 0 0.00014263725482138603 0 0 0.00010640289723710397 0 0 7.0286078838860283e-05 0 0 3.4555223994695476e-05 ]
[ 0 0 0 0 0 0 0 0 0 0 0 0 1 0 0 0 0 0 0 0 0 0 0 0 0 0 0 0 0 0 0 0 0 0 0 0 0 0 0 0 0 0 0 0 0 0 0 0 0 0 0 0 0 0 ]
[ 0 0 0 0 0 0 0 0 0 0 0 0 0 1 0 0 0 0 0 0 0 0 0 0 0 0 0 0 0 0 0 0 0 0 0 0 0 0 0 0 0 0 0 0 0 0 0 0 0 0 0 0 0 0 ]
[ -0.0017135418816799015 0.01584603489120421 -2.2712935120431233e-09 -2.7925116333794103e-09 1.5521228808323379e-09 0.012993558173363312 0 0 0.00056846817008465039 0 0 0.0005383201537502454 0 0 0.00050756248422052471 0 0 0.00047167259136873579 0 0 0.00043445624884750288 0 0 0.00039802288301543247 0 0 0.00036076256903648713 0 0 0.00032388205270207269 0 0 0.00028609125107645101 0 0 0.00024862972619118362 0 0 0.0002101407935286457 0 0 0.00017258801499800251 0 0 0.00013579576481049862 0 0 0.00010129025920532523 0 0 6.6828746207885675e-05 0 0 3.2784100438407818e-05 ]
[ 0 0 0 0 0 0 0 0 0 0 0 0 0 0 0 1 0 0 0 0 0 0 0 0 0 0 0 0 0 0 0 0 0 0 0 0 0 0 0 0 0 0 0 0 0 0 0 0 0 0 0 0 0 0 ]
[ 0 0 0 0 0 0 0 0 0 0 0 0 0 0 0 0 1 0 0 0 0 0 0 0 0 0 0 0 0 0 0 0 0 0 0 0 0 0 0 0 0 0 0 0 0 0 0 0 0 0 0 0 0 0 ]
[ -0.0019561812212564571 0.014609473978069514 -2.9618182966613931e-09 -2.7106312148403396e-09 2.0708617343629808e-09 0.012038802248532847 0 0 0.00052669759837331825 0 0 0.00049893373623424004 0 0 0.00047167259136873579 0 0 0.00044386649087395765 0 0 0.00041013521821347518 0 0 0.00037607939524779362 0 0 0.00034118356726815265 0 0 0.00030665224611822029 0 0 0.00027119316304872755 0 0 0.00023603518367882665 0 0 0.00019978405315304931 0 0 0.00016431019088090511 0 0 0.00012935368150253162 0 0 9.6476001850468051e-05 0 0 6.3564729080910611e-05 0 0 3.1105190095841352e-05 ]
[ 0 0 0 0 0 0 0 0 0 0 0 0 0 0 0 0 0 0 1 0 0 0 0 0 0 0 0 0 0 0 0 0 0 0 0 0 0 0 0 0 0 0 0 0 0 0 0 0 0 0 0 0 0 0 ]
[ 0 0 0 0 0 0 0 0 0 0 0 0 0 0 0 0 0 0 0 1 0 0 0 0 0 0 0 0 0 0 0 0 0 0 0 0 0 0 0 0 0 0 0 0 0 0 0 0 0 0 0 0 0 0 ]
[ -0.0022488247427644519 0.013391721737689247 -3.5611843752689603e-09 -2.6080587077227015e-09 2.5029431665937797e-09 0.011079921928026093 0 0 0.00048474658435114834 0 0 0.00045933510984019847 0 0 0.00043445624884750294 0 0 0.00041013521821347523 0 0 0.00038512805017594797 0 0 0.00035454365599915053 0 0 0.00032201344936420265 0 0 0.00028982887075018545 0 0 0.00025669515769214914 0 0 0.00022382828181209306 0 0 0.00018979075849687648 0 0 0.0001563545567472798 0 0 0.00012317626244619587 0 0 9.1859468226885232e-05 0 0 6.0429143014403265e-05 0 0 2.948781963254917e-05 ]
[ 0 0 0 0 0 0 0 0 0 0 0 0 0 0 0 0 0 0 0 0 0 1 0 0 0 0 0 0 0 0 0 0 0 0 0 0 0 0 0 0 0 0 0 0 0 0 0 0 0 0 0 0 0 0 ]
[ 0 0 0 0 0 0 0 0 0 0 0 0 0 0 0 0 0 0 0 0 0 0 1 0 0 0 0 0 0 0 0 0 0 0 0 0 0 0 0 0 0 0 0 0 0 0 0 0 0 0 0 0 0 0 ]
[ -0.0025506616088924253 0.012184944791537788 -4.0534055298279345e-09 -2.4916455819322699e-09 2.8471365860131165e-09 0.010139825678237626 0 0 0.00044361737342290327 0 0 0.00042053807602929839 0 0 0.00039802288301543252 0 0 0.00037607939524779372 0 0 0.00035454365599915053 0 0 0.00033201238391811238 0 0 0.0003029378007103082 0 0 0.00027309887846714901 0 0 0.00024228859663378514 0 0 0.00021170955208602197 0 0 0.00017987979471780548 0 0 0.00014847169761749053 0 0 0.00011705854142778609 0 0 8.728753380382946e-05 0 0 5.7322558143984662e-05 0 0 2.7884372321447879e-05 ]
[ 0 0 0 0 0 0 0 0 0 0 0 0 0 0 0 0 0 0 0 0 0 0 0 0 1 0 0 0 0 0 0 0 0 0 0 0 0 0 0 0 0 0 0 0 0 0 0 0 0 0 0 0 0 0 ]
[ 0 0 0 0 0 0 0 0 0 0 0 0 0 0 0 0 0 0 0 0 0 0 0 0 0 1 0 0 0 0 0 0 0 0 0 0 0 0 0 0 0 0 0 0 0 0 0 0 0 0 0 0 0 0 ]
[ -0.0028249023295551156 0.010979705991106167 -4.425053039166989e-09 -2.3556530881459488e-09 3.0907289984597126e-09 0.0091811667556204232 0 0 0.00040167604555840114 0 0 0.00038092367345367387 0 0 0.00036076256903648708 0 0 0.0003411835672681527 0 0 0.00032201344936420265 0 0 0.0003029378007103082 0 0 0.00028255593728823702 0 0 0.0002561555214700948 0 0 0.0002276728848013169 0 0 0.00019938896203816834 0 0 0.00016978019007095129 0 0 0.00014042199665733942 0 0 0.00011080392035863424 0 0 8.2613324277760274e-05 0 0 5.4149482187042864e-05 0 0 2.6249015613826108e-05 ]
[ 0 0 0 0 0 0 0 0 0 0 0 0 0 0 0 0 0 0 0 0 0 0 0 0 0 0 0 1 0 0 0 0 0 0 0 0 0 0 0 0 0 0 0 0 0 0 0 0 0 0 0 0 0 0 ]
[ 0 0 0 0 0 0 0 0 0 0 0 0 0 0 0 0 0 0 0 0 0 0 0 0 0 0 0 0 1 0 0 0 0 0 0 0 0 0 0 0 0 0 0 0 0 0 0 0 0 0 0 0 0 0 ]
[ -0.0030537484458755732 0.0097737027945682033 -4.6707047789660447e-09 -2.2056903627565571e-09 3.2419085469507231e-09 0.0082314596571502318 0 0 0.00036012636000033011 0 0 0.00034169857211488572 0 0 0.00032388205270207269 0 0 0.00030665224611822029 0 0 0.00028982887075018539 0 0 0.00027309887846714901 0 0 0.0002561555214700948 0 0 0.00023777664485758281 0 0 0.00021271682049252868 0 0 0.0001867381328978301 0 0 0.00015937058684336837 0 0 0.00013209725466881714 0 0 0.00010432327414433969 0 0 7.7770257680671135e-05 0 0 5.0866760506001738e-05 0 0 2.4561149749210469e-05 ]
[ 0 0 0 0 0 0 0 0 0 0 0 0 0 0 0 0 0 0 0 0 0 0 0 0 0 0 0 0 0 0 1 0 0 0 0 0 0 0 0 0 0 0 0 0 0 0 0 0 0 0 0 0 0 0 ]
[ 0 0 0 0 0 0 0 0 0 0 0 0 0 0 0 0 0 0 0 0 0 0 0 0 0 0 0 0 0 0 0 1 0 0 0 0 0 0 0 0 0 0 0 0 0 0 0 0 0 0 0 0 0 0 ]
[ -0.0032332082224830138 0.0085673159242803023 -4.7878766245704505e-09 -2.0334631170590631e-09 3.2886081106666078e-09 0.0072612795879834222 0 0 0.0003176809819742822 0 0 0.00030157437509118086 0 0 0.00028609125107645101 0 0 0.00027119316304872755 0 0 0.00025669515769214914 0 0 0.00024228859663378514 0 0 0.00022767288480131685 0 0 0.00021271682049252868 0 0 0.00019631830337722288 0 0 0.00017374310426913276 0 0 0.00014863567081096506 0 0 0.00012348251121418522 0 0 9.7603765083927575e-05 0 0 7.274874567150153e-05 0 0 4.7468374893346754e-05 0 0 2.2818067126144748e-05 ]
[ 0 0 0 0 0 0 0 0 0 0 0 0 0 0 0 0 0 0 0 0 0 0 0 0 0 0 0 0 0 0 0 0 0 1 0 0 0 0 0 0 0 0 0 0 0 0 0 0 0 0 0 0 0 0 ]
[ 0 0 0 0 0 0 0 0 0 0 0 0 0 0 0 0 0 0 0 0 0 0 0 0 0 0 0 0 0 0 0 0 0 0 1 0 0 0 0 0 0 0 0 0 0 0 0 0 0 0 0 0 0 0 ]
[ -0.0033353316495397076 0.0073607571988387622 -4.7607887460326698e-09 -1.8477813062514334e-09 3.2354409537471816e-09 0.0062991855213058645 0 0 0.00027558936655713872 0 0 0.00026179779141994735 0 0 0.00024862972619118362 0 0 0.00023603518367882665 0 0 0.00022382828181209308 0 0 0.000211709552086022 0 0 0.00019938896203816836 0 0 0.0001867381328978301 0 0 0.00017374310426913276 0 0 0.00015915700944040481 0 0 0.00013742209400236538 0 0 0.00011443774608394596 0 0 9.0528757365724576e-05 0 0 6.7461659669743699e-05 0 0 4.3898349495404811e-05 0 0 2.0993464871235538e-05 ]
[ 0 0 0 0 0 0 0 0 0 0 0 0 0 0 0 0 0 0 0 0 0 0 0 0 0 0 0 0 0 0 0 0 0 0 0 0 1 0 0 0 0 0 0 0 0 0 0 0 0 0 0 0 0 0 ]
[ 0 0 0 0 0 0 0 0 0 0 0 0 0 0 0 0 0 0 0 0 0 0 0 0 0 0 0 0 0 0 0 0 0 0 0 0 0 1 0 0 0 0 0 0 0 0 0 0 0 0 0 0 0 0 ]
[ -0.0032870353474816526 0.006159693087805564 -4.5527881959742871e-09 -1.6374341844992277e-09 3.053721113294496e-09 0.0053152040248471265 0 0 0.00023254017608706837 0 0 0.00022104052977749624 0 0 0.0002101407935286457 0 0 0.00019978405315304937 0 0 0.00018979075849687648 0 0 0.00017987979471780548 0 0 0.00016978019007095129 0 0 0.00015937058684336837 0 0 0.00014863567081096503 0 0 0.00013742209400236538 0 0 0.00012431231465706482 0 0 0.00010465686235817191 0 0 8.2840362913575344e-05 0 0 6.1716366084580026e-05 0 0 4.0034025623277117e-05 0 0 1.9030638462856351e-05 ]
[ 0 0 0 0 0 0 0 0 0 0 0 0 0 0 0 0 0 0 0 0 0 0 0 0 0 0 0 0 0 0 0 0 0 0 0 0 0 0 0 1 0 0 0 0 0 0 0 0 0 0 0 0 0 0 ]
[ 0 0 0 0 0 0 0 0 0 0 0 0 0 0 0 0 0 0 0 0 0 0 0 0 0 0 0 0 0 0 0 0 0 0 0 0 0 0 0 0 1 0 0 0 0 0 0 0 0 0 0 0 0 0 ]
[ -0.0030133978364113622 0.0049990205735325442 -4.1363958730000326e-09 -1.4138366660883355e-09 2.7527067871953292e-09 0.0043578121776837514 0 0 0.00019065428277367002 0 0 0.00018135047721468117 0 0 0.00017258801499800251 0 0 0.00016431019088090513 0 0 0.0001563545567472798 0 0 0.00014847169761749053 0 0 0.00014042199665733942 0 0 0.00013209725466881714 0 0 0.00012348251121418522 0 0 0.00011443774608394596 0 0 0.00010465686235817191 0 0 9.295146708508556e-05 0 0 7.4443122805241201e-05 0 0 5.5441614347738744e-05 0 0 3.5834818252208763e-05 0 0 1.6914920450508704e-05 ]
[ 0 0 0 0 0 0 0 0 0 0 0 0 0 0 0 0 0 0 0 0 0 0 0 0 0 0 0 0 0 0 0 0 0 0 0 0 0 0 0 0 0 0 1 0 0 0 0 0 0 0 0 0 0 0 ]
[ 0 0 0 0 0 0 0 0 0 0 0 0 0 0 0 0 0 0 0 0 0 0 0 0 0 0 0 0 0 0 0 0 0 0 0 0 0 0 0 0 0 0 0 1 0 0 0 0 0 0 0 0 0 0 ]
[ -0.0025147700533574096 0.0039236911506634964 -3.5308197758917155e-09 -1.16643807610186e-09 2.3354232813479217e-09 0.003426907619166844 0 0 0.00014992720833855439 0 0 0.00014263725482138603 0 0 0.00013579576481049865 0 0 0.00012935368150253162 0 0 0.00012317626244619587 0 0 0.00011705854142778607 0 0 0.00011080392035863425 0 0 0.00010432327414433967 0 0 9.7603765083927575e-05 0 0 9.0528757365724576e-05 0 0 8.2840362913575344e-05 0 0 7.4443122805241201e-05 0 0 6.4527203787869542e-05 0 0 4.8847219581877497e-05 0 0 3.1442267490938336e-05 0 0 1.4718541995002214e-05 ]
[ 0 0 0 0 0 0 0 0 0 0 0 0 0 0 0 0 0 0 0 0 0 0 0 0 0 0 0 0 0 0 0 0 0 0 0 0 0 0 0 0 0 0 0 0 0 1 0 0 0 0 0 0 0 0 ]
[ 0 0 0 0 0 0 0 0 0 0 0 0 0 0 0 0 0 0 0 0 0 0 0 0 0 0 0 0 0 0 0 0 0 0 0 0 0 0 0 0 0 0 0 0 0 0 1 0 0 0 0 0 0 0 ]
[ -0.0018785486241197039 0.0029320765210285012 -2.7859530358350941e-09 -9.0905412481513832e-10 1.8460185586681615e-09 0.0025565840983286874 0 0 0.000111850554301884 0 0 0.00010640289723710399 0 0 0.00010129025920532524 0 0 9.6476001850468064e-05 0 0 9.1859468226885232e-05 0 0 8.728753380382946e-05 0 0 8.2613324277760287e-05 0 0 7.7770257680671135e-05 0 0 7.274874567150153e-05 0 0 6.7461659669743699e-05 0 0 6.1716366084580026e-05 0 0 5.5441614347738744e-05 0 0 4.884721958187749e-05 0 0 4.1093749834396344e-05 0 0 2.7017144287121756e-05 0 0 1.2516708343506228e-05 ]
[ 0 0 0 0 0 0 0 0 0 0 0 0 0 0 0 0 0 0 0 0 0 0 0 0 0 0 0 0 0 0 0 0 0 0 0 0 0 0 0 0 0 0 0 0 0 0 0 0 1 0 0 0 0 0 ]
[ 0 0 0 0 0 0 0 0 0 0 0 0 0 0 0 0 0 0 0 0 0 0 0 0 0 0 0 0 0 0 0 0 0 0 0 0 0 0 0 0 0 0 0 0 0 0 0 0 0 1 0 0 0 0 ]
[ -0.0012051274325713258 0.0019744762222166845 -1.9367455740501826e-09 -6.1867316005090605e-10 1.2798562935074557e-09 0.0016905046332824154 0 0 7.3959577706108376e-05 0 0 7.0286078838860283e-05 0 0 6.6828746207885675e-05 0 0 6.3564729080910611e-05 0 0 6.0429143014403265e-05 0 0 5.7322558143984655e-05 0 0 5.4149482187042857e-05 0 0 5.0866760506001738e-05 0 0 4.7468374893346754e-05 0 0 4.3898349495404811e-05 0 0 4.003402562327711e-05 0 0 3.5834818252208756e-05 0 0 3.1442267490938336e-05 0 0 2.7017144287121756e-05 0 0 2.1508260507765599e-05 0 0 1.0321644647860753e-05 ]
[ 0 0 0 0 0 0 0 0 0 0 0 0 0 0 0 0 0 0 0 0 0 0 0 0 0 0 0 0 0 0 0 0 0 0 0 0 0 0 0 0 0 0 0 0 0 0 0 0 0 0 0 1 0 0 ]
[ 0 0 0 0 0 0 0 0 0 0 0 0 0 0 0 0 0 0 0 0 0 0 0 0 0 0 0 0 0 0 0 0 0 0 0 0 0 0 0 0 0 0 0 0 0 0 0 0 0 0 0 0 1 0 ]
[ -0.00056480225827783737 0.0010048036017848857 -1.0029248565303614e-09 -3.0770696011513379e-10 6.5738966713124625e-10 0.00083265633952826746 0 0 3.642871485436308e-05 0 0 3.4555223994695469e-05 0 0 3.2784100438407818e-05 0 0 3.1105190095841352e-05 0 0 2.948781963254917e-05 0 0 2.7884372321447876e-05 0 0 2.6249015613826108e-05 0 0 2.4561149749210466e-05 0 0 2.2818067126144748e-05 0 0 2.0993464871235534e-05 0 0 1.9030638462856347e-05 0 0 1.6914920450508701e-05 0 0 1.4718541995002212e-05 0 0 1.2516708343506228e-05 0 0 1.0321644647860753e-05 0 0 7.0310216560394615e-06 ] ]