[
[ 0.070069999999999993 2.447425342309542e-18 -1.2157577841112108e-25 3.6381728476573403e-25 4.8437883957412e-09 0.0016358351519619807 -6.8104203426769133e-12 2.0930467115026008e-10 7.153571074087647e-05 -2.072584516648674e-11 2.0104059383939299e-10 6.5876835511877041e-05 -3.1329252758558237e-11 1.8829980578975759e-10 5.0651020039073326e-05 -3.7422282403019401e-11 1.733966389961977e-10 2.9091041984643904e-05 -3.8678068204493722e-11 1.5804057845264956e-10 4.779408148520649e-06 -3.6433548245045507e-11 1.4302460207612858e-10 -1.8386416302199412e-05 -3.3498109561710922e-11 1.2786528714982815e-10 -3.7812113878642305e-05 -3.1376534032472314e-11 1.1245425932326607e-10 -5.2548245182318213e-05 -2.8081790997642569e-11 9.7409585969577237e-11 -6.2996922087978188e-05 -2.092447182351805e-11 8.3716991050802678e-11 -6.8224382640837638e-05 -1.0853049947639081e-11 7.00817206400378e-11 -6.5886372062812009e-05 -2.4141774117303317e-12 5.5115729840151738e-11 -5.5143039494163938e-05 1.1252524917051735e-12 3.9164996657988294e-11 -3.8844274089922684e-05 1.1567001638480623e-12 2.4432886843816671e-11 -2.2578108987135356e-05 3.6476668450881406e-13 1.192426097174316e-11 -9.7998419692818119e-06 1.8740815678725042e-28 3.1968038801821844e-12 -2.2647982525333833e-06 ]
[ 2.447425342309542e-18 0.070070000000000049 9.4433279044933131e-24 -4.8437883957412075e-09 -3.7232045962533838e-24 0.023828354338447291 -1.7580455780261698e-10 -4.2865558691909561e-11 0.001041182619160496 -1.3051025331553183e-10 -9.1246921775266274e-11 0.00091312031770367339 -8.8964212425117557e-11 -1.2373374200598982e-10 0.0007937399467799072 -5.3869954712353426e-11 -1.4212601552205936e-10 0.0006839786651113111 -2.7234537730720617e-11 -1.4904224879485736e-10 0.00058283939477616405 -8.7760153706483892e-12 -1.4756898818308606e-10 0.00049017312490887426 4.194975088406764e-12 -1.398076453323756e-10 0.00040468959113548113 1.3727096292880272e-11 -1.2745039168229234e-10 0.00032691614995794896 1.8197034297011525e-11 -1.1179069163604665e-10 0.00025638052721520997 1.5407195288630307e-11 -9.4756487820430262e-11 0.00019381492799562281 7.544026972139714e-12 -7.6402845769411621e-11 0.00013898327091360648 5.2662428659783381e-13 -5.7125772134209191e-11 9.3899494291632232e-05 -1.9678726367003022e-12 -3.8430630359013187e-11 5.8978916539048911e-05 -1.4209574827140707e-12 -2.2785440584760326e-11 3.3670593885346331e-05 -4.1247682534098608e-13 -1.0641805964151825e-11 1.5463426248271878e-05 -2.5617625115163333e-28 -2.7561629727043415e-12 3.9789191750987157e-06 ]
[ -1.2157577841112108e-25 9.4433279044933131e-24 0.070070000000000063 -0.001635835151961982 -0.023828354338447291 4.2256528103571845e-24 -2.5913281410620271e-05 -0.0010429832840830491 -3.3122586450722371e-11 4.9767242634803823e-05 -0.00091390823671339255 -6.9530900333202032e-11 0.00010308097267221398 -0.00078853580231763891 -9.8937875598580078e-11 0.00013151853093940205 -0.00067182198732536075 -1.2153475055753435e-10 0.00013679401893634157 -0.00056657805270344066 -1.371383199507197e-10 0.00012669645633734794 -0.00047385155589484075 -1.4569425273784719e-10 0.00011260956531518159 -0.00039051931871770211 -1.4717489597793108e-10 0.00010009516611432107 -0.00031560012390873383 -1.4254105705628066e-10 8.4415703451762062e-05 -0.00025007378526806153 -1.3266623980176228e-10 6.0384364887549229e-05 -0.00019617490047152514 -1.1836022850528712e-10 3.2266449304565483e-05 -0.00015009429120121402 -9.9355413521569599e-11 1.0572939041132055e-05 -0.00010822858835355531 -7.7012056458800236e-11 8.7721285076113371e-07 -7.0595156835034689e-05 -5.3600928694043108e-11 -9.0115608168081499e-07 -4.0529843975215836e-05 -3.2564518292522923e-11 -3.6494569842323797e-07 -1.8301762409467877e-05 -1.538399497408431e-11 -6.3577714381079064e-23 -4.5773779933438281e-06 -3.9785021230759642e-12 ]
[ 3.6381728476573394e-25 -4.8437883957412066e-09 -0.0016358351519619825 0.070187300232028335 0.00045607081626827968 -2.3423256036751063e-09 0.0029315433779377171 0.00014710544816094308 -1.9700838299864366e-10 0.0027318520372711787 0.00036306646701518748 -2.9099151557142053e-10 0.0025109845331626485 0.0005057765797018669 -3.5982372897969993e-10 0.0023132810073131236 0.00056651086039700049 -4.1037708701429623e-10 0.0021193035541327938 0.00053834587896941003 -4.4371201048683179e-10 0.0019551099318888539 0.00045080255906024356 -4.6880676994728992e-10 0.0017790400569694111 0.00034112869464409285 -4.8196923038849936e-10 0.0016136309501377727 0.00024161629993481255 -4.8962277295358677e-10 0.0014314915969970811 0.00012182459091560684 -4.8354304578814512e-10 0.0012551692706214835 -4.9647673574322377e-05 -4.7361007783648649e-10 0.001033011208295561 -0.00024246749067176706 -4.498836170688064e-10 0.00080079833476097905 -0.00037076773994226293 -4.204718936096813e-10 0.00057951318140570115 -0.0003726325334163686 -3.6700019375565873e-10 0.00041582920995979683 -0.00029418587073531813 -3.0067407503049651e-10 0.00026151878869693526 -0.0001746599083423769 -2.0370128317477448e-10 0.00011665589115901515 -6.7303809040064681e-05 -9.4422176941219336e-11 ]
[ 4.8437883957412e-09 -3.7232045962533823e-24 -0.023828354338447291 0.00045607081626827968 0.080906097711429703 8.6014817217613646e-11 -0.00012777128356575795 0.0034016058268670239 1.1843997626531802e-10 -0.00038197171336485313 0.0031562588610899492 2.6014001841469019e-10 -0.0005532603584472933 0.0028878470882864747 3.8707878325232788e-10 -0.00063100645093776058 0.0026432510538400593 4.9843553199414554e-10 -0.00060843453465102499 0.0024051375999595741 5.8595481059647462e-10 -0.00051837769905308179 0.0022004018179270974 6.5328267203837439e-10 -0.00040365712835319784 0.0019863757644753388 6.9132679268036886e-10 -0.00029937455377177386 0.0017852537949317908 7.0991385192508831e-10 -0.00017246121862523584 0.0015707587288346812 6.9852256999039928e-10 1.1612015692184589e-05 0.001367092985868464 6.6859194050393851e-10 0.00022026712885037862 0.0011209131639306911 6.0464914428092155e-10 0.00036151015817416349 0.00086587227719757637 5.2366979529001307e-10 0.00036971997369623114 0.00062305206381688344 4.1710934490027852e-10 0.00029307704212494572 0.00044138854056253914 3.1094716892325595e-10 0.00017398680750572101 0.00027329972172731389 1.9326741171457771e-10 6.7042025589640134e-05 0.00011965704581463335 8.3244116854652405e-11 ]
[ 0.0016358351519619807 0.023828354338447291 4.2256528103571845e-24 -2.3423256036751063e-09 8.6014817217613658e-11 0.081023397943457046 1.4131975070419508e-11 -1.1019625760003296e-10 0.0034101559406325833 1.61171657076073e-10 -2.3562742106797586e-10 0.0031850276090885118 2.922219794740483e-10 -3.3295465656730391e-10 0.0029453332202886129 4.0231254557718036e-10 -4.135722969313932e-10 0.0027216182421191774 4.7925752829470049e-10 -4.8304964803075727e-10 0.0024842259209892103 5.2681751845274477e-10 -5.495459959599773e-10 0.0022633468512264147 5.442581762061447e-10 -5.9962342155688707e-10 0.002029059425919666 5.4652389020331991e-10 -6.3487062619177556e-10 0.0018117544853920153 5.1297461258700499e-10 -6.5465491183324571e-10 0.0015817064772617523 4.3178955587797751e-10 -6.8135851772772073e-10 0.0013694330402935742 2.9618759115194873e-10 -6.8355973919430173e-10 0.0011452906463804841 1.6565505507665862e-10 -6.4547094581152251e-10 0.0009404653423958605 8.9581493702882345e-11 -5.4546589999599346e-10 0.00072558779614949559 7.0990534087571133e-11 -4.249927934895227e-10 0.00053057308917460271 6.4644385679458706e-11 -2.7231896867750272e-10 0.00032445834312743924 4.0824979801714222e-11 -1.1876383392018585e-10 0.00013732398734382151 ]
[ -6.8104203426769133e-12 -1.7580455780261698e-10 -2.5913281410620268e-05 0.0029315433779377171 -0.00012777128356575795 1.4131975070419521e-11 0.00012702878550107757 -2.7562838158919893e-08 -3.73062259374161e-12 0.00012009710332857607 9.8210788884380739e-06 -8.4179504001288636e-12 0.00011077443640117909 1.6570553075726648e-05 -1.2029374516935258e-11 0.00010228480764635414 1.9692571273111963e-05 -1.478823295404198e-11 9.3765923485787875e-05 1.8917805477711828e-05 -1.676969942994993e-11 8.6419214337539552e-05 1.5484654030392269e-05 -1.8327603245339164e-11 7.8506363379743569e-05 1.1102315051615389e-05 -1.9328255979292378e-11 7.1079308994238048e-05 7.1392669221817907e-06 -2.002538495557229e-11 6.2877914148318662e-05 2.3157358196403943e-06 -2.008423970675554e-11 5.4821254145570951e-05 -4.7866635678499645e-06 -1.9912478613258521e-11 4.4714780149627753e-05 -1.2740430075515614e-05 -1.9090773105957625e-11 3.4298033364376985e-05 -1.7858107576105543e-05 -1.7958958281526864e-11 2.4613460755997707e-05 -1.7474699174496778e-05 -1.574202107327358e-11 1.760817361044369e-05 -1.3699241241697412e-05 -1.2934282852019587e-11 1.1093722294561872e-05 -8.1548497762915669e-06 -8.7821249980207537e-12 4.9688190335366679e-06 -3.16986717911632e-06 -4.0783395777693667e-12 ]
[ 2.0930467115026008e-10 -4.2865558691909561e-11 -0.0010429832840830491 0.00014710544816094308 0.0034016058268670239 -1.1019625760003297e-10 -2.756283815891976e-08 0.0001476038747187569 9.8872015597793855e-15 -1.1459670110893128e-05 0.00013860498072218753 6.3114632204307869e-12 -1.9366832042380053e-05 0.00012715019525822425 1.2064660338832883e-11 -2.3142388411399316e-05 0.00011657907097702257 1.7149444279036238e-11 -2.252750642536058e-05 0.00010612099604935094 2.1244952508240288e-11 -1.8906909621586002e-05 9.7007646129901713e-05 2.4450670571300897e-11 -1.4231390777926868e-05 8.7445996405720994e-05 2.6418642665764632e-11 -9.9915402715328422e-06 7.8467633488506788e-05 2.7523019859034311e-11 -4.7948898705927379e-06 6.8866119668943796e-05 2.7361809635504499e-11 2.9104475425832427e-06 5.9638838867344058e-05 2.6372814716582863e-11 1.1602113591648052e-05 4.8513073114346325e-05 2.3940858872818831e-11 1.7329019288827269e-05 3.7123656405803766e-05 2.0748110672665042e-11 1.7264080606550137e-05 2.6510276625729276e-05 1.6497879281294449e-11 1.3601857633191643e-05 1.8722842543150551e-05 1.2261609441093966e-11 8.1028841836965413e-06 1.1607190827783904e-05 7.5964394258735677e-12 3.1526829592368097e-06 5.0994505765282101e-06 3.2625677746597216e-12 ]
[ 7.153571074087647e-05 0.001041182619160496 -3.3122586450722371e-11 -1.9700838299864366e-10 1.1843997626531805e-10 0.0034101559406325838 -3.7306225937416109e-12 9.8872015597791331e-15 0.00014788496930783328 2.5807566305760129e-12 -6.1224593441501385e-12 0.00013934495789762311 8.3742891924477152e-12 -1.0984412188689143e-11 0.00012885832838762772 1.3357187943614545e-11 -1.4962757520805322e-11 0.0001190707980927152 1.7034180123430396e-11 -1.8317102412070412e-11 0.00010868488404327935 1.9483639727742598e-11 -2.1406482372038208e-11 9.9021424741157176e-05 2.0669101720335495e-11 -2.375977967123375e-11 8.8771349883987079e-05 2.115987730556368e-11 -2.5459530806275279e-11 7.9264258735902256e-05 2.0141371442763659e-11 -2.6473753861544094e-11 6.9199658380203301e-05 1.7115695724798156e-11 -2.7700754194055458e-11 5.9912695512845462e-05 1.181137625106252e-11 -2.7888661795976797e-11 5.0106465779147657e-05 6.6427185756213312e-12 -2.6419224714114344e-11 4.1145358729820236e-05 3.6427372916119459e-12 -2.240328779714536e-11 3.1744466081541539e-05 2.9488830733352643e-12 -1.7515399641052025e-11 2.3212572651389738e-05 2.7140819599750017e-12 -1.12571577013606e-11 1.4195052511826031e-05 1.7194385456375459e-12 -4.9214462895391206e-12 6.0079244462924437e-06 ]
[ -2.072584516648674e-11 -1.3051025331553183e-10 4.9767242634803823e-05 0.0027318520372711787 -0.00038197171336485318 1.61171657076073e-10 0.00012009710332857607 -1.1459670110893126e-05 2.5807566305760129e-12 0.0001193262452865072 -1.4610174291053636e-06 -2.6814687420249021e-12 0.00011198653251057223 6.1410139028121877e-06 -7.1874353298561044e-12 0.0001038325664434204 1.0106994077897146e-05 -1.0787992380700083e-11 9.529058833014448e-05 1.0181708445739856e-05 -1.3561169771313546e-11 8.7671112502982389e-05 7.4978785244806271e-06 -1.5807797490500571e-11 7.9400916052100188e-05 3.9065368860902691e-06 -1.7425270245444587e-11 7.1650614615502135e-05 6.8625042902720592e-07 -1.863683789384734e-11 6.3050062294000891e-05 -3.3387030393367596e-06 -1.913459175915187e-11 5.4387940526811821e-05 -9.6639618257517198e-06 -1.9300243930336748e-11 4.3602070231708165e-05 -1.6679748295835903e-05 -1.8724023466562775e-11 3.2750747232715621e-05 -2.0846501982632003e-05 -1.7738925684221784e-11 2.3105478231307578e-05 -1.9593987592235628e-05 -1.5606103724039508e-11 1.6426300813847595e-05 -1.5192914834656313e-05 -1.2846634549515447e-11 1.0387609126057662e-05 -9.0830588289118645e-06 -8.7339487343951699e-12 4.6918774745117851e-06 -3.5795909543406152e-06 -4.0608182962757597e-12 ]
[ 2.0104059383939296e-10 -9.1246921775266287e-11 -0.00091390823671339265 0.00036306646701518748 0.0031562588610899492 -2.3562742106797591e-10 9.8210788884380739e-06 0.00013860498072218753 -6.1224593441501353e-12 -1.4610174291053634e-06 0.00013590185845852737 -2.2936412298111713e-13 -9.9590005996486934e-06 0.00012658958931423156 5.5461219038255755e-12 -1.4368684859634004e-05 0.00011653413094052289 1.0739195664392809e-11 -1.4449196419478701e-05 0.0001062477245937045 1.5050348626294446e-11 -1.1466574877772683e-05 9.7058179842754178e-05 1.8493934542908074e-11 -7.4869126935841186e-06 8.7325552813937335e-05 2.0788853199295424e-11 -3.8983513920311129e-06 7.8192841923090421e-05 2.2229439745460186e-11 5.7383750031277305e-07 6.8350109708314977e-05 2.2495557649081826e-11 7.5423460767267505e-06 5.8670027898174404e-05 2.1932356458166015e-11 1.5316841167022074e-05 4.7012613267666728e-05 2.0016108890214184e-11 2.0123126671234767e-05 3.5318566734503337e-05 1.7339026793745541e-11 1.9240278460311747e-05 2.4844108986029475e-05 1.3719230561911859e-11 1.5008503679410321e-05 1.7451788600818418e-05 1.0122524367042103e-11 8.9910655620078838e-06 1.0860119742250875e-05 6.2236244509828625e-12 3.552401120778978e-06 4.8119264807749174e-06 2.6558840994343835e-12 ]
[ 6.5876835511877055e-05 0.00091312031770367349 -6.9530900333202032e-11 -2.9099151557142053e-10 2.6014001841469019e-10 0.0031850276090885118 -8.4179504001288636e-12 6.3114632204307869e-12 0.00013934495789762308 -2.6814687420249009e-12 -2.2936412298111703e-13 0.0001362848512153542 3.0436587086475174e-12 -5.7843155837917651e-12 0.00012733675928694078 8.1476336258061559e-12 -1.0320925333565853e-11 0.00011776085637547068 1.2159183104176734e-11 -1.408889242507083e-11 0.00010757031821057654 1.5044065459314558e-11 -1.7437316481019454e-11 9.8085941689785646e-05 1.6746527576955759e-11 -2.0043757556683421e-11 8.8000905698741588e-05 1.7721004555237919e-11 -2.1997660428075222e-11 7.8643721872009663e-05 1.7271293007331756e-11 -2.326614619621528e-11 6.8714833781382376e-05 1.4934912777290195e-11 -2.4639457725228384e-11 5.9547910214433689e-05 1.0459451961985313e-11 -2.5028199835070252e-11 4.9846301756239283e-05 5.9970958293276328e-12 -2.3892599395446321e-11 4.0970477732604739e-05 3.4025482165107375e-12 -2.040485363154217e-11 3.1634974640459813e-05 2.8338120040182095e-12 -1.6053838793150885e-11 2.3150098549975052e-05 2.619465046856773e-12 -1.0370581959594064e-11 1.4166313213932995e-05 1.6550412132475419e-12 -4.5522026152899762e-12 6.0005079800506103e-06 ]
[ -3.1329252758558237e-11 -8.8964212425117557e-11 0.00010308097267221401 0.0025109845331626485 -0.0005532603584472933 2.922219794740483e-10 0.00011077443640117908 -1.936683204238005e-05 8.3742891924477152e-12 0.00011198653251057223 -9.9590005996486934e-06 3.0436587086475166e-12 0.00011109480306687449 -2.2468033127569251e-06 -1.9018995321654374e-12 0.00010455907770239038 2.3346775925210738e-06 -6.2327090281447305e-12 9.6040170881649334e-05 3.0874639869705889e-06 -9.7371351006838609e-12 8.8237764751454426e-05 1.0154726053466475e-06 -1.2627710143621259e-11 7.971949588960744e-05 -1.9243509329082807e-06 -1.484189249973161e-11 7.1746105755986339e-05 -4.5331784248677248e-06 -1.6562334556242058e-11 6.2865272037650993e-05 -7.8959874598106256e-06 -1.7518637517687286e-11 5.3756195143942277e-05 -1.3563606624450629e-05 -1.8054799952002758e-11 4.2474250624864734e-05 -1.9786287404948717e-05 -1.7785130405751048e-11 3.1325782921361032e-05 -2.3163045088681945e-05 -1.7020475292733486e-11 2.1761837698225982e-05 -2.1213641524651498e-05 -1.5068987496075393e-11 1.5381817890155156e-05 -1.632874169067115e-05 -1.2456051737656015e-11 9.7606991603063963e-06 -9.7915629772279072e-06 -8.4951338521666334e-12 4.4429031220498356e-06 -3.8949260719457148e-06 -3.960294484863004e-12 ]
[ 1.8829980578975759e-10 -1.2373374200598982e-10 -0.00078853580231763891 0.0005057765797018669 0.0028878470882864747 -3.3295465656730396e-10 1.6570553075726648e-05 0.00012715019525822428 -1.0984412188689142e-11 6.1410139028121894e-06 0.00012658958931423156 -5.7843155837917667e-12 -2.2468033127569226e-06 0.00012391682242860152 -3.2923974651143567e-13 -7.1039124483800714e-06 0.00011568119225732286 4.9222600220487933e-12 -7.7486383691304358e-06 0.00010562280038116023 9.4193213929252267e-12 -5.3041139405051416e-06 9.6449504633881202e-05 1.3071445324443695e-11 -1.9160663598499317e-06 8.6655327549261399e-05 1.5659866109564222e-11 1.1196852684366664e-06 7.7468672333423497e-05 1.7405105726404167e-11 4.97394531187047e-06 6.7501474178537855e-05 1.806180261097818e-11 1.1299082354054445e-05 5.7519682345464551e-05 1.7890647146027633e-11 1.8277850020231345e-05 4.5503438252842885e-05 1.6451731686560354e-11 2.2302641791903775e-05 3.3634195460948225e-05 1.4253681322141496e-11 2.0754523913223126e-05 2.3338296342351478e-05 1.1215334677213117e-11 1.6079255315568922e-05 1.6315215479061598e-05 8.2038341194908791e-12 9.6696482747773468e-06 1.0191023990979038e-05 4.9977096439958804e-12 3.8603100823769424e-06 4.5521277131320356e-06 2.1162708231886125e-12 ]
[ 5.0651020039073326e-05 0.0007937399467799072 -9.8937875598580091e-11 -3.5982372897969998e-10 3.8707878325232788e-10 0.0029453332202886138 -1.2029374516935258e-11 1.2064660338832887e-11 0.00012885832838762772 -7.187435329856106e-12 5.5461219038255763e-12 0.0001273367592869408 -1.901899532165437e-12 -3.2923974651143632e-13 0.00012450842380232197 3.2593979961120493e-12 -5.3945181483903381e-12 0.00011645543721016804 7.5784326327825954e-12 -9.5908786499194768e-12 0.00010646275894285505 1.0881790701917696e-11 -1.322052812190194e-11 9.7159881488315686e-05 1.3084657908791606e-11 -1.6108510726159522e-11 8.7241806983255475e-05 1.4526989363911515e-11 -1.8342992147844188e-11 7.8035816860518796e-05 1.4629602599076949e-11 -1.9898720954890173e-11 6.824334824929075e-05 1.2972120253397582e-11 -2.146044655309712e-11 5.9196454653982757e-05 9.3096106557082598e-12 -2.2102253861438425e-11 4.9598369097026565e-05 5.5288356950016279e-12 -2.1343892673387524e-11 4.0805535165413713e-05 3.3027731749046649e-12 -1.8406312405126062e-11 3.1532388692431244e-05 2.8226994052505061e-12 -1.4594920033747688e-11 2.3091630113443739e-05 2.5890186189989911e-12 -9.4827445741515189e-12 1.4139323844734032e-05 1.6179866238772442e-12 -4.1800064266320476e-12 5.9935013271875167e-06 ]
[ -3.7422282403019394e-11 -5.3869954712353432e-11 0.00013151853093940205 0.0023132810073131236 -0.00063100645093776069 4.0231254557718036e-10 0.00010228480764635414 -2.3142388411399316e-05 1.3357187943614542e-11 0.0001038325664434204 -1.4368684859634004e-05 8.1476336258061559e-12 0.00010455907770239038 -7.1039124483800706e-06 3.2593979961120493e-12 0.00010345733654636465 -2.4640162985523198e-06 -1.3423432833765345e-12 9.6280132284014695e-05 -1.3148458358720204e-06 -5.437641523640514e-12 8.8381757948912082e-05 -3.006591950888053e-06 -8.8835872270621465e-12 7.9728690686224786e-05 -5.5386024602539649e-06 -1.1637518299328294e-11 7.1634776813004139e-05 -7.764768152110134e-06 -1.3832209158281501e-11 6.2599934392468769e-05 -1.0710716878090103e-05 -1.5244747285745899e-11 5.3233704069149814e-05 -1.5958121531311086e-05 -1.6170636861818419e-11 4.1669125059876141e-05 -2.1673896359945907e-05 -1.6263629944073303e-11 3.0361729984023369e-05 -2.4551822655644465e-05 -1.5795531149057977e-11 2.0871207682440748e-05 -2.2173634537456442e-05 -1.4128594929934313e-11 1.4693099399104536e-05 -1.6999386282618293e-05 -1.17655722877694e-11 9.3461079743991241e-06 -1.0211353932648801e-05 -8.0704993232881732e-12 4.276951155066608e-06 -4.0831027301207719e-06 -3.7798996815339714e-12 ]
[ 1.7339663899619773e-10 -1.4212601552205936e-10 -0.00067182198732536075 0.00056651086039700039 0.0026432510538400593 -4.135722969313932e-10 1.9692571273111963e-05 0.00011657907097702261 -1.4962757520805322e-11 1.0106994077897148e-05 0.00011653413094052289 -1.0320925333565853e-11 2.3346775925210755e-06 0.00011568119225732286 -5.3945181483903365e-12 -2.464016298552321e-06 0.00011309547155231461 -3.3826179368767347e-13 -3.4388130913404701e-06 0.00010458677248374726 4.3506890891552294e-12 -1.3439015994810979e-06 9.5510745103798809e-05 8.2359822692197333e-12 1.6560372186881842e-06 8.5759834016204192e-05 1.1128544716088226e-11 4.3298956705679843e-06 7.6613814446775354e-05 1.3182071039560406e-11 7.7773771842510687e-06 6.6638169009897882e-05 1.4216909447988862e-11 1.3668226577708303e-05 5.652870260531886e-05 1.442025511000554e-11 2.0112928238418763e-05 4.4348065152359971e-05 1.3424570095421687e-11 2.3623867136995781e-05 3.2426036037066449e-05 1.1664527126185941e-11 2.1655888021708957e-05 2.2292198292075952e-05 9.1398184828935031e-12 1.6712350813795042e-05 1.5537698396963925e-05 6.632608772582803e-12 1.0072199025540675e-05 9.735941574745536e-06 4.0053341389309548e-12 4.0442853635902709e-06 4.3758811621681817e-06 1.6841360682962087e-12 ]
[ 2.9091041984643904e-05 0.0006839786651113111 -1.2153475055753435e-10 -4.1037708701429623e-10 4.9843553199414554e-10 0.0027216182421191774 -1.478823295404198e-11 1.7149444279036238e-11 0.00011907079809271518 -1.0787992380700083e-11 1.0739195664392809e-11 0.00011776085637547068 -6.2327090281447321e-12 4.9222600220487933e-12 0.00011645543721016804 -1.3423432833765339e-12 -3.382617936876722e-13 0.00011385115381908543 3.2352598446779199e-12 -4.9387114613914036e-12 0.00010536642586995614 6.9428302234696241e-12 -8.8605995253167942e-12 9.6246111422774923e-05 9.6316034937213501e-12 -1.2046057548408615e-11 8.6495732642997367e-05 1.1528017751221367e-11 -1.4575956487989914e-11 7.7441230752521968e-05 1.2168258218462646e-11 -1.6438929746581354e-11 6.7785077975512063e-05 1.1178526221250967e-11 -1.8216601587496505e-11 5.8857608676511546e-05 8.3130848505563778e-12 -1.914651050785276e-11 4.9361635461400111e-05 5.1923356807157797e-12 -1.8793694052845439e-11 4.0649510286083547e-05 3.3059764213070921e-12 -1.6418484065923352e-11 3.1435939102255879e-05 2.8875352309799545e-12 -1.3145261209551748e-11 2.3036716015341291e-05 2.605551172107104e-12 -8.5981208531262457e-12 1.4113894444414319e-05 1.6010444362734579e-12 -3.8072232041978211e-12 5.9868634196736264e-06 ]
[ -3.8678068204493722e-11 -2.7234537730720617e-11 0.00013679401893634157 0.0021193035541327938 -0.00060843453465102499 4.7925752829470049e-10 9.3765923485787875e-05 -2.252750642536058e-05 1.7034180123430396e-11 9.5290588330144494e-05 -1.4449196419478703e-05 1.2159183104176734e-11 9.6040170881649334e-05 -7.7486383691304358e-06 7.5784326327825922e-12 9.6280132284014695e-05 -3.438813091340471e-06 3.2352598446779199e-12 9.499966094882367e-05 -2.2793395278063244e-06 -9.5001100661384868e-13 8.8390635490952476e-05 -3.8828612471662618e-06 -4.7934031449648461e-12 7.9710159273088988e-05 -6.3259885812982946e-06 -7.9924852826157587e-12 7.159182066423668e-05 -8.4687296338776364e-06 -1.0595001659960416e-11 6.2525457661605216e-05 -1.1323391589519867e-05 -1.2433004392218869e-11 5.3105226897240058e-05 -1.6478029250290673e-05 -1.3745669712745833e-11 4.1481622521271245e-05 -2.2081706217298953e-05 -1.424004785376751e-11 3.0142259745332529e-05 -2.48498979515635e-05 -1.4133043325052552e-11 2.0670280972301015e-05 -2.2378543027971058e-05 -1.2843016834835711e-11 1.4538088768288824e-05 -1.7142338483341239e-05 -1.0822268584773675e-11 9.2526756559495365e-06 -1.0301060339690808e-05 -7.4917260662361508e-12 4.2394248641701749e-06 -4.1234941228127493e-06 -3.5341105514863548e-12 ]
[ 1.5804057845264956e-10 -1.4904224879485736e-10 -0.00056657805270344099 0.00053834587896940992 0.0024051375999595745 -4.8304964803075727e-10 1.8917805477711828e-05 0.00010612099604935094 -1.8317102412070412e-11 1.0181708445739856e-05 0.00010624772459370448 -1.408889242507083e-11 3.0874639869705872e-06 0.00010562280038116023 -9.5908786499194768e-12 -1.3148458358720221e-06 0.00010458677248374728 -4.9387114613914036e-12 -2.2793395278063274e-06 0.00010217930517221849 -2.9851540216140173e-13 -2.8271580429830754e-07 9.4574551984392147e-05 3.8749888323261258e-12 2.6100636524566161e-06 8.4959823852538257e-05 7.1342175073901064e-12 5.1849566788041647e-06 7.593670936517184e-05 9.5429748829737893e-12 8.5186876964553206e-06 6.6059336978025262e-05 1.0978747795087135e-11 1.4276695548028397e-05 5.6004573309535894e-05 1.1566239813953169e-11 2.0560362720625125e-05 4.3859367618819021e-05 1.0997775829669189e-11 2.3924989163113184e-05 3.1990986384794966e-05 9.6443133431191631e-12 2.1850572130142564e-05 2.195135685286105e-05 7.564314482549517e-12 1.6846477615295056e-05 1.5302429663390733e-05 5.4722105399636767e-12 1.0157922487355992e-05 9.6061799422866935e-06 3.2918963966521166e-12 4.0838421019509909e-06 4.3292331129704268e-06 1.3814865161645079e-12 ]
[ 4.779408148520649e-06 0.00058283939477616405 -1.3713831995071972e-10 -4.4371201048683179e-10 5.8595481059647462e-10 0.0024842259209892103 -1.676969942994993e-11 2.1244952508240288e-11 0.00010868488404327935 -1.3561169771313541e-11 1.5050348626294443e-11 0.00010757031821057654 -9.7371351006838625e-12 9.4193213929252251e-12 0.00010646275894285505 -5.4376415236405124e-12 4.3506890891552286e-12 0.00010536642586995614 -9.5001100661384889e-13 -2.9851540216140506e-13 0.00010297025833242405 3.1251006413405423e-12 -4.4808738605577067e-12 9.5342111411030734e-05 6.2912310076565047e-12 -7.9636873915734094e-12 8.5759506892314584e-05 8.6336862997380281e-12 -1.0789047559981477e-11 7.685633334696201e-05 9.802670041405727e-12 -1.2962524040040231e-11 6.7336121743956313e-05 9.4725339801150447e-12 -1.4964062929698491e-11 5.852742620149777e-05 7.3932010044987601e-12 -1.6194128020998344e-11 4.9132450280844732e-05 4.9195505072011532e-12 -1.6255925152310037e-11 4.049942235720587e-05 3.3580064816143431e-12 -1.44447046191979e-11 3.1343549992631964e-05 2.9881800849261455e-12 -1.1705503053493472e-11 2.2984151689947169e-05 2.6442838391295752e-12 -7.7177676050824925e-12 1.4089499357388727e-05 1.5936485417873786e-12 -3.4350114556570878e-12 5.9804714277282217e-06 ]
[ -3.643354824504552e-11 -8.7760153706483875e-12 0.00012669645633734796 0.0019551099318888539 -0.00051837769905308179 5.2681751845274487e-10 8.6419214337539552e-05 -1.8906909621586006e-05 1.9483639727742598e-11 8.7671112502982389e-05 -1.1466574877772684e-05 1.5044065459314561e-11 8.8237764751454426e-05 -5.3041139405051407e-06 1.0881790701917696e-11 8.8381757948912082e-05 -1.3439015994810983e-06 6.9428302234696274e-12 8.8390635490952462e-05 -2.8271580429830637e-07 3.1251006413405419e-12 8.7057451030542738e-05 -1.9046906575947351e-06 -6.6903850285032281e-13 7.9748756363095307e-05 -4.5267970561361096e-06 -4.1758076950135489e-12 7.1687077747540414e-05 -6.8584872494414163e-06 -7.103810793124038e-12 6.2693700681089854e-05 -9.9205218348685039e-06 -9.3152779679082449e-12 5.33979559515711e-05 -1.5286166942316784e-05 -1.098951638824016e-11 4.1910490800743698e-05 -2.1145667827298916e-05 -1.189618589827831e-11 3.0645146897861682e-05 -2.4164719422664776e-05 -1.2186334123847938e-11 2.1131074946013996e-05 -2.1906790836442329e-05 -1.1332643334225836e-11 1.4893670804255158e-05 -1.6812702240712938e-05 -9.7151376501230552e-12 9.4669557183736481e-06 -1.0093963072575374e-05 -6.8137057824416355e-12 4.3254374557573721e-06 -4.0301526426867903e-06 -3.2463221345758013e-12 ]
[ 1.4302460207612858e-10 -1.4756898818308606e-10 -0.00047385155589484075 0.00045080255906024356 0.0022004018179270974 -5.495459959599774e-10 1.5484654030392272e-05 9.70076461299017e-05 -2.1406482372038208e-11 7.4978785244806288e-06 9.7058179842754178e-05 -1.7437316481019451e-11 1.0154726053466492e-06 9.6449504633881202e-05 -1.3220528121901938e-11 -3.0065919508880551e-06 9.5510745103798849e-05 -8.8605995253167942e-12 -3.8828612471662627e-06 9.4574551984392133e-05 -4.4808738605577051e-12 -1.9046906575947355e-06 9.2416109422148104e-05 -2.3790867100987589e-13 1.1234629171793444e-06 8.4324434818352061e-05 3.4426385501637692e-12 3.846989512857359e-06 7.5492874036242038e-05 6.273340692286851e-12 7.3433260254072411e-06 6.5804510140609682e-05 8.1549650570129494e-12 1.3254850538532749e-05 5.5965645590261938e-05 9.1568594477978597e-12 1.9731101243843592e-05 4.4031532490363888e-05 9.0224472624914182e-12 2.3295332695089871e-05 3.2305581154114107e-05 8.0655766695428384e-12 2.1405102103414136e-05 2.228794941164111e-05 6.3860804996224778e-12 1.6529856212116571e-05 1.5586600275515939e-05 4.6441413320609866e-12 9.9569635339359903e-06 9.7884128703671249e-06 2.8073324152397669e-12 3.9922413272484434e-06 4.4073086471522159e-06 1.186277762907943e-12 ]
[ -1.8386416302199408e-05 0.00049017312490887426 -1.4569425273784719e-10 -4.6880676994728992e-10 6.5328267203837439e-10 0.002263346851226416 -1.8327603245339164e-11 2.4450670571300897e-11 9.9021424741157176e-05 -1.5807797490500571e-11 1.8493934542908067e-11 9.8085941689785646e-05 -1.262771014362126e-11 1.3071445324443692e-11 9.7159881488315686e-05 -8.8835872270621465e-12 8.2359822692197333e-12 9.6246111422774937e-05 -4.7934031449648445e-12 3.8749888323261226e-12 9.5342111411030734e-05 -6.6903850285032291e-13 -2.3790867100987438e-13 9.3131419671263195e-05 2.9449730705004944e-12 -3.9721291316595074e-12 8.5025620470810859e-05 5.7330883278103736e-12 -7.0769694778231375e-12 7.6273704849138318e-05 7.4299288102060869e-12 -9.5460178060573779e-12 6.6889320302855341e-05 7.7564020563683568e-12 -1.1757660623289697e-11 5.819922766695727e-05 6.4599556671783302e-12 -1.327461340696659e-11 4.8904980077487914e-05 4.6320751491277165e-12 -1.3739359267129339e-11 4.0350676255821962e-05 3.3971897370739869e-12 -1.2483285424073975e-11 3.1252076215519456e-05 3.0790803141254277e-12 -1.0272410543152572e-11 2.2932116851657917e-05 2.6770305254668068e-12 -6.8404967551889596e-12 1.4065337630547027e-05 1.583716328763372e-12 -3.0636997648786308e-12 5.9741350566537081e-06 ]
[ -3.3498109561710922e-11 4.194975088406764e-12 0.00011260956531518161 0.0017790400569694111 -0.00040365712835319784 5.442581762061447e-10 7.8506363379743569e-05 -1.4231390777926865e-05 2.0669101720335495e-11 7.9400916052100174e-05 -7.4869126935841169e-06 1.6746527576955755e-11 7.971949588960744e-05 -1.9160663598499334e-06 1.3084657908791607e-11 7.9728690686224773e-05 1.6560372186881832e-06 9.6316034937213468e-12 7.9710159273088988e-05 2.6100636524566161e-06 6.2912310076565031e-12 7.9748756363095307e-05 1.1234629171793427e-06 2.9449730705004936e-12 7.8435654737560179e-05 -1.5235573789679728e-06 -4.6120553023055912e-13 7.1785277846749532e-05 -4.1429657181673071e-06 -3.6265770310179356e-12 6.2923400602395624e-05 -7.5491233229514822e-06 -6.1659101799660903e-12 5.3846207799208415e-05 -1.3263602817319901e-05 -8.1707663883877953e-12 4.2598921506813836e-05 -1.9547995814967447e-05 -9.4760120731436356e-12 3.1468639561924997e-05 -2.29865978417814e-05 -1.0163794955590536e-11 2.1891840211711696e-05 -2.1090205643725318e-05 -9.7587374357883911e-12 1.5482007827779279e-05 -1.6240029157637514e-05 -8.5599629415630747e-12 9.821028357216355e-06 -9.7341388547767489e-06 -6.1056021002119373e-12 4.4670583028260711e-06 -3.8682298219021267e-06 -2.9452756467703727e-12 ]
[ 1.2786528714982815e-10 -1.398076453323756e-10 -0.00039051931871770211 0.00034112869464409279 0.0019863757644753392 -5.9962342155688707e-10 1.1102315051615389e-05 8.7445996405721008e-05 -2.3759779671233747e-11 3.9065368860902683e-06 8.7325552813937335e-05 -2.0043757556683421e-11 -1.9243509329082815e-06 8.6655327549261399e-05 -1.6108510726159519e-11 -5.5386024602539649e-06 8.5759834016204219e-05 -1.2046057548408611e-11 -6.3259885812982963e-06 8.4959823852538244e-05 -7.9636873915734062e-12 -4.5267970561361113e-06 8.4324434818352061e-05 -3.9721291316595066e-12 -1.5235573789679726e-06 8.237587885424575e-05 -1.7822354609397666e-13 1.4408282425048589e-06 7.5086989639873311e-05 3.0824768021760454e-12 5.2303901614066463e-06 6.5641281234025763e-05 5.4389796488084351e-12 1.1428494893739605e-05 5.6106323551938586e-05 6.8775482242610269e-12 1.8262470679786876e-05 4.4480444105225774e-05 7.19078799582362e-12 2.2190623412405824e-05 3.2951703142574984e-05 6.6362711246963175e-12 2.0627517753616362e-05 2.2931020050472832e-05 5.3488975913924545e-12 1.5977924597699255e-05 1.6107257374384256e-05 3.9383670724445473e-12 9.6069016204581278e-06 1.0112250964585206e-05 2.4093791181555739e-12 3.8329904471635605e-06 4.5414923643116593e-06 1.032533244981835e-12 ]
[ -3.7812113878642298e-05 0.00040468959113548107 -1.4717489597793108e-10 -4.8196923038849946e-10 6.9132679268036886e-10 0.002029059425919666 -1.9328255979292378e-11 2.6418642665764632e-11 8.8771349883987066e-05 -1.742527024544459e-11 2.0788853199295424e-11 8.8000905698741588e-05 -1.484189249973161e-11 1.5659866109564222e-11 8.7241806983255461e-05 -1.1637518299328294e-11 1.1128544716088231e-11 8.6495732642997381e-05 -7.9924852826157603e-12 7.1342175073901064e-12 8.5759506892314584e-05 -4.1758076950135473e-12 3.4426385501637716e-12 8.5025620470810859e-05 -4.6120553023056074e-13 -1.7822354609397727e-13 8.2977070134092437e-05 2.7484604496043985e-12 -3.506841124982453e-12 7.5685911518536003e-05 4.9777357963656343e-12 -6.243622235025831e-12 6.6437602163753364e-05 5.9613131114452118e-12 -8.6362787660214409e-12 5.7866493185720803e-05 5.449843840271746e-12 -1.0408954414146595e-11 4.867358272388105e-05 4.2744886686203929e-12 -1.1250336557676589e-11 4.019885429184306e-05 3.3798758083606835e-12 -1.0533167409721766e-11 3.1158503135824564e-05 3.1279741276882223e-12 -8.8438392959021198e-12 2.2878867545872157e-05 2.6838304418301388e-12 -5.9655923398864463e-12 1.4040640787173371e-05 1.5626962764720138e-12 -2.6935968720826293e-12 5.9676712048490343e-06 ]
[ -3.1376534032472314e-11 1.3727096292880272e-11 0.00010009516611432107 0.0016136309501377727 -0.00029937455377177386 5.4652389020331991e-10 7.1079308994238048e-05 -9.9915402715328422e-06 2.115987730556368e-11 7.1650614615502135e-05 -3.8983513920311137e-06 1.7721004555237916e-11 7.1746105755986353e-05 1.1196852684366656e-06 1.4526989363911515e-11 7.1634776813004139e-05 4.3298956705679835e-06 1.1528017751221367e-11 7.159182066423668e-05 5.1849566788041664e-06 8.6336862997380281e-12 7.1687077747540414e-05 3.8469895128573581e-06 5.7330883278103736e-12 7.1785277846749546e-05 1.4408282425048594e-06 2.7484604496043993e-12 7.0484584893489325e-05 -1.2005732190902907e-06 -3.1316165476351584e-13 6.3087663296392042e-05 -4.9482285086296436e-06 -3.1196585244000214e-12 5.426273148239991e-05 -1.1033710057700794e-05 -5.4281964496113223e-12 4.3294455661074393e-05 -1.7772506567736643e-05 -7.1094570076660257e-12 3.2327867250705641e-05 -2.1664246839733665e-05 -8.1780916582106881e-12 2.26957629474353e-05 -2.016554050747678e-05 -8.2088403608624059e-12 1.6105782855267424e-05 -1.5588690388992208e-05 -7.4195219601207315e-12 1.0195682636410838e-05 -9.3250493402260861e-06 -5.4048395685699276e-12 4.6161102108690466e-06 -3.6846305503484231e-06 -2.6465404326841161e-12 ]
[ 1.1245425932326605e-10 -1.2745039168229234e-10 -0.00031560012390873389 0.00024161629993481255 0.0017852537949317908 -6.3487062619177556e-10 7.1392669221817907e-06 7.8467633488506788e-05 -2.5459530806275279e-11 6.8625042902720634e-07 7.8192841923090421e-05 -2.1997660428075219e-11 -4.5331784248677248e-06 7.7468672333423497e-05 -1.8342992147844188e-11 -7.7647681521101357e-06 7.6613814446775368e-05 -1.4575956487989914e-11 -8.4687296338776381e-06 7.593670936517184e-05 -1.0789047559981476e-11 -6.858487249441418e-06 7.5492874036242038e-05 -7.0769694778231359e-12 -4.1429657181673071e-06 7.5086989639873298e-05 -3.5068411249824546e-12 -1.2005732190902915e-06 7.3279522755832587e-05 -1.3275888056146089e-13 2.8819522898808733e-06 6.5411051805833889e-05 2.6782598487450643e-12 9.3905954139101417e-06 5.6214365501435515e-05 4.5615941986044035e-12 1.6613200303445967e-05 4.4936177562849845e-05 5.3317282283825444e-12 2.0939938039725333e-05 3.3633667901188377e-05 5.1880090575288457e-12 1.9740902149008455e-05 2.3617468944148196e-05 4.3008168884624506e-12 1.534688195887503e-05 1.6663532172930756e-05 3.2275662107112712e-12 9.2074182239210457e-06 1.0456767976664666e-05 2.0102851926595204e-12 3.6520346230636239e-06 4.6831345805570713e-06 8.7899020001840395e-13 ]
[ -5.25482451823182e-05 0.00032691614995794896 -1.4254105705628066e-10 -4.8962277295358677e-10 7.0991385192508831e-10 0.0018117544853920153 -2.0025384955572293e-11 2.7523019859034317e-11 7.9264258735902256e-05 -1.863683789384734e-11 2.2229439745460179e-11 7.8643721872009623e-05 -1.6562334556242061e-11 1.7405105726404167e-11 7.8035816860518782e-05 -1.3832209158281501e-11 1.318207103956041e-11 7.7441230752521955e-05 -1.0595001659960411e-11 9.5429748829737942e-12 7.685633334696197e-05 -7.1038107931240396e-12 6.2733406922868534e-12 7.6273704849138318e-05 -3.6265770310179373e-12 3.0824768021760462e-12 7.5685911518536003e-05 -3.1316165476351685e-13 -1.3275888056145786e-13 7.3780882997668854e-05 2.4252800275155701e-12 -3.0766022946866665e-12 6.5977989047995693e-05 4.0668107758016214e-12 -5.6159647298300047e-12 5.7526392773633514e-05 4.3432373687202282e-12 -7.6070710075556155e-12 4.843575250453694e-05 3.8290599953105869e-12 -8.7935931986661997e-12 4.0041965078321652e-05 3.2917931694139276e-12 -8.5961008472125849e-12 3.1061461766433663e-05 3.1242376393124584e-12 -7.4206454762661539e-12 2.2823610933664055e-05 2.6581350439986493e-12 -5.0937931351733401e-12 1.4015060697847204e-05 1.5278104278614823e-12 -2.3252284844944745e-12 5.9609975063698563e-06 ]
[ -2.8081790997642563e-11 1.8197034297011525e-11 8.4415703451762075e-05 0.0014314915969970811 -0.00017246121862523584 5.1297461258700499e-10 6.2877914148318662e-05 -4.7948898705927388e-06 2.0141371442763659e-11 6.3050062294000891e-05 5.7383750031277368e-07 1.7271293007331756e-11 6.2865272037651007e-05 4.9739453118704692e-06 1.4629602599076946e-11 6.2599934392468769e-05 7.7773771842510704e-06 1.216825821846265e-11 6.2525457661605216e-05 8.5186876964553223e-06 9.802670041405727e-12 6.2693700681089854e-05 7.3433260254072428e-06 7.4299288102060886e-12 6.2923400602395624e-05 5.2303901614066496e-06 4.9777357963656343e-12 6.3087663296392042e-05 2.8819522898808733e-06 2.4252800275155701e-12 6.1832171661699368e-05 -8.9199930283397022e-07 -2.2181619967521467e-13 5.4742136063438767e-05 -7.4824237060719952e-06 -2.729349322615924e-12 4.4251083613588486e-05 -1.4912935013530945e-05 -4.7360722438464117e-12 3.3579593643368802e-05 -1.9504783610344668e-05 -6.1602740122958518e-12 2.389206473247519e-05 -1.8637474950270988e-05 -6.6209507243337941e-12 1.7039044741999501e-05 -1.4506393564223137e-05 -6.2445431785639139e-12 1.0754429458598423e-05 -8.6460394467523694e-06 -4.6791066456113261e-12 4.8364737429838203e-06 -3.3811901216846304e-06 -2.3352697844204424e-12 ]
[ 9.7409585969577237e-11 -1.1179069163604665e-10 -0.00025007378526806153 0.00012182459091560683 0.0015707587288346812 -6.5465491183324571e-10 2.3157358196403935e-06 6.8866119668943796e-05 -2.6473753861544094e-11 -3.3387030393367591e-06 6.8350109708314977e-05 -2.326614619621528e-11 -7.8959874598106256e-06 6.7501474178537855e-05 -1.9898720954890169e-11 -1.0710716878090104e-05 6.6638169009897909e-05 -1.6438929746581354e-11 -1.1323391589519867e-05 6.6059336978025262e-05 -1.2962524040040223e-11 -9.9205218348685073e-06 6.5804510140609696e-05 -9.5460178060573763e-12 -7.5491233229514822e-06 6.5641281234025763e-05 -6.243622235025831e-12 -4.9482285086296436e-06 6.5411051805833875e-05 -3.0766022946866673e-12 -8.9199930283397043e-07 6.3792275952555757e-05 -1.0434508069185286e-13 6.0578277966145854e-06 5.6411294982797919e-05 2.2528113707712822e-12 1.3903373232535341e-05 4.5671855720166124e-05 3.529547502578867e-12 1.8871669288405265e-05 3.4720285602567969e-05 3.8343247220875222e-12 1.8265138767276646e-05 2.4703625737438549e-05 3.3660422789136049e-12 1.4293731024270106e-05 1.7533538800044196e-05 2.6301009613308497e-12 8.5422512441980254e-06 1.0987458463132689e-05 1.6993246777045558e-12 3.3523467338954452e-06 4.8966667503227788e-06 7.703901877345138e-13 ]
[ -6.2996922087978188e-05 0.00025638052721520997 -1.3266623980176228e-10 -4.8354304578814512e-10 6.9852256999039928e-10 0.0015817064772617523 -2.008423970675554e-11 2.7361809635504499e-11 6.9199658380203287e-05 -1.913459175915187e-11 2.2495557649081829e-11 6.8714833781382376e-05 -1.7518637517687286e-11 1.806180261097818e-11 6.8243348249290737e-05 -1.5244747285745899e-11 1.4216909447988859e-11 6.778507797551205e-05 -1.2433004392218866e-11 1.0978747795087135e-11 6.73361217439563e-05 -9.3152779679082481e-12 8.1549650570129494e-12 6.6889320302855354e-05 -6.1659101799660911e-12 5.4389796488084335e-12 6.6437602163753337e-05 -3.1196585244000202e-12 2.6782598487450627e-12 6.5977989047995693e-05 -2.2181619967521547e-13 -1.0434508069185427e-13 6.420103100078365e-05 2.0489582314081246e-12 -2.7213930597177438e-12 5.7178702357266985e-05 3.1163739055828582e-12 -4.885526093552705e-12 4.819120451544161e-05 3.2736828633783453e-12 -6.3785757017274536e-12 3.9879738291673506e-05 3.11484344419964e-12 -6.6769757475033303e-12 3.0960751495686347e-05 3.0543410791238519e-12 -6.0058152571005806e-12 2.2766229541929218e-05 2.5916387323131306e-12 -4.2271493130910963e-12 1.3988547581302017e-05 1.475563318472566e-12 -1.9596959878662866e-12 5.9541030325939101e-06 ]
[ -2.092447182351805e-11 1.5407195288630304e-11 6.0384364887549229e-05 0.0012551692706214835 1.161201569218459e-05 4.3178955587797751e-10 5.4821254145570964e-05 2.9104475425832432e-06 1.7115695724798156e-11 5.4387940526811821e-05 7.5423460767267497e-06 1.4934912777290195e-11 5.3756195143942284e-05 1.1299082354054445e-05 1.2972120253397582e-11 5.3233704069149814e-05 1.3668226577708303e-05 1.1178526221250967e-11 5.3105226897240065e-05 1.4276695548028397e-05 9.4725339801150447e-12 5.33979559515711e-05 1.3254850538532749e-05 7.7564020563683568e-12 5.3846207799208415e-05 1.1428494893739605e-05 5.9613131114452118e-12 5.426273148239991e-05 9.3905954139101451e-06 4.0668107758016214e-12 5.4742136063438767e-05 6.0578277966145862e-06 2.0489582314081233e-12 5.3736837563466433e-05 -5.6864790362707497e-07 -1.6710976963694234e-13 4.5606133666292834e-05 -9.1508643226699716e-06 -2.3302532427537075e-12 3.5637623733191904e-05 -1.5053095006269763e-05 -4.0360941531404465e-12 2.5955397143829356e-05 -1.5427824660634149e-05 -4.9070186635095916e-12 1.8667557851036086e-05 -1.2215112120489768e-05 -4.9523590786688275e-12 1.1722815320996579e-05 -7.2123174972875556e-06 -3.8669640496088339e-12 5.2112725845533785e-06 -2.7454274956139099e-06 -1.9804182470238647e-12 ]
[ 8.3716991050802678e-11 -9.4756487820430262e-11 -0.00019617490047152514 -4.9647673574322377e-05 0.001367092985868464 -6.8135851772772073e-10 -4.7866635678499645e-06 5.9638838867344058e-05 -2.7700754194055455e-11 -9.6639618257517198e-06 5.8670027898174404e-05 -2.4639457725228384e-11 -1.3563606624450629e-05 5.7519682345464537e-05 -2.1460446553097123e-11 -1.5958121531311086e-05 5.652870260531886e-05 -1.8216601587496505e-11 -1.6478029250290673e-05 5.6004573309535894e-05 -1.4964062929698491e-11 -1.5286166942316784e-05 5.5965645590261938e-05 -1.1757660623289697e-11 -1.3263602817319902e-05 5.6106323551938579e-05 -8.6362787660214441e-12 -1.1033710057700794e-05 5.6214365501435515e-05 -5.6159647298300079e-12 -7.4824237060719952e-06 5.6411294982797919e-05 -2.7213930597177426e-12 -5.6864790362707497e-07 5.518160291433731e-05 -8.2644026104700355e-14 8.3518783462407162e-06 4.684776120746467e-05 1.8074906804547038e-12 1.4561363365782684e-05 3.6639384125052586e-05 2.6703791648906975e-12 1.5144327417886824e-05 2.6672143605886109e-05 2.6838422332158265e-12 1.2054325961112967e-05 1.9107569697904399e-05 2.2984672661355707e-12 7.1333091986000607e-06 1.1932112036215465e-05 1.6009449171204179e-12 2.7232167642174938e-06 5.2658501879966195e-06 7.7212210176922982e-13 ]
[ -6.8224382640837638e-05 0.00019381492799562281 -1.1836022850528712e-10 -4.7361007783648649e-10 6.6859194050393851e-10 0.0013694330402935742 -1.9912478613258521e-11 2.6372814716582866e-11 5.9912695512845462e-05 -1.9300243930336751e-11 2.1932356458166015e-11 5.9547910214433689e-05 -1.8054799952002755e-11 1.7890647146027629e-11 5.9196454653982757e-05 -1.6170636861818419e-11 1.4420255110005543e-11 5.8857608676511546e-05 -1.3745669712745828e-11 1.1566239813953169e-11 5.852742620149777e-05 -1.0989516388240157e-11 9.156859447797863e-12 5.8199227666957304e-05 -8.1707663883877953e-12 6.8775482242610269e-12 5.7866493185720817e-05 -5.4281964496113223e-12 4.5615941986044043e-12 5.7526392773633514e-05 -2.7293493226159224e-12 2.252811370771281e-12 5.7178702357266992e-05 -1.6710976963694052e-13 -8.2644026104700355e-14 5.5511129491166194e-05 1.6658943475829398e-12 -2.3125568761116809e-12 4.7936851543967606e-05 2.5127516330846338e-12 -4.0432959531602298e-12 3.9709609561811172e-05 2.7710093619615732e-12 -4.7947791807421923e-12 3.0854572126300694e-05 2.8600107645353705e-12 -4.6107306823290109e-12 2.2705677541482046e-05 2.4485427629078174e-12 -3.3736195882304506e-12 1.3960646767674492e-05 1.3908663904708681e-12 -1.6013977306514281e-12 5.9468823553098855e-06 ]
[ -1.0853049947639081e-11 7.5440269721397157e-12 3.2266449304565489e-05 0.001033011208295561 0.00022026712885037862 2.9618759115194873e-10 4.4714780149627753e-05 1.1602113591648052e-05 1.181137625106252e-11 4.3602070231708165e-05 1.5316841167022071e-05 1.0459451961985313e-11 4.2474250624864741e-05 1.8277850020231345e-05 9.3096106557082598e-12 4.1669125059876141e-05 2.011292823841876e-05 8.3130848505563762e-12 4.1481622521271245e-05 2.0560362720625125e-05 7.3932010044987601e-12 4.1910490800743698e-05 1.9731101243843592e-05 6.459955667178331e-12 4.2598921506813836e-05 1.8262470679786876e-05 5.4498438402717452e-12 4.3294455661074393e-05 1.6613200303445967e-05 4.343237368720229e-12 4.4251083613588486e-05 1.3903373232535341e-05 3.1163739055828578e-12 4.5606133666292834e-05 8.3518783462407162e-06 1.6658943475829394e-12 4.5034023273839476e-05 -2.7094690148242604e-07 -1.1993822343040265e-13 3.7727284448121707e-05 -7.8421806885968519e-06 -1.9200286692596867e-12 2.8337395143871155e-05 -1.0090128287147883e-05 -3.1129262821667037e-12 2.060103701018244e-05 -8.3653847989529931e-06 -3.5442503307308714e-12 1.2854116084376111e-05 -4.8136788116172419e-06 -2.94916581152151e-12 5.6291412038146751e-06 -1.6939589794658564e-06 -1.5655305070598851e-12 ]
[ 7.00817206400378e-11 -7.6402845769411621e-11 -0.00015009429120121405 -0.00024246749067176703 0.0011209131639306911 -6.8355973919430173e-10 -1.2740430075515614e-05 4.8513073114346332e-05 -2.7888661795976794e-11 -1.6679748295835903e-05 4.7012613267666728e-05 -2.5028199835070252e-11 -1.9786287404948717e-05 4.5503438252842885e-05 -2.2102253861438425e-11 -2.1673896359945907e-05 4.4348065152359984e-05 -1.9146510507852754e-11 -2.2081706217298953e-05 4.3859367618819021e-05 -1.6194128020998344e-11 -2.1145667827298916e-05 4.4031532490363888e-05 -1.3274613406966588e-11 -1.9547995814967454e-05 4.4480444105225774e-05 -1.0408954414146593e-11 -1.7772506567736643e-05 4.4936177562849852e-05 -7.6070710075556155e-12 -1.4912935013530945e-05 4.5671855720166124e-05 -4.8855260935527025e-12 -9.1508643226699716e-06 4.6847761207464677e-05 -2.3125568761116772e-12 -2.7094690148242529e-07 4.6109993619666473e-05 -5.7166828353732337e-14 7.530738355298569e-06 3.859675865437462e-05 1.4672936756692218e-12 9.9242744833495339e-06 2.8961750065025768e-05 2.0689203517716656e-12 8.2748891670282337e-06 2.0987594904909027e-05 2.0937648354278598e-12 4.7686271368111108e-06 1.3040273855430926e-05 1.6283988258974836e-12 1.6808828199417042e-06 5.6783214663887535e-06 8.4633821513759623e-13 ]
[ -6.5886372062812009e-05 0.00013898327091360648 -9.9355413521569599e-11 -4.498836170688064e-10 6.0464914428092155e-10 0.0011452906463804841 -1.9090773105957625e-11 2.3940858872818831e-11 5.0106465779147651e-05 -1.8724023466562775e-11 2.0016108890214184e-11 4.9846301756239283e-05 -1.7785130405751048e-11 1.6451731686560354e-11 4.9598369097026565e-05 -1.62636299440733e-11 1.3424570095421688e-11 4.9361635461400111e-05 -1.4240047853767513e-11 1.0997775829669189e-11 4.9132450280844732e-05 -1.1896185898278312e-11 9.0224472624914182e-12 4.8904980077487914e-05 -9.4760120731436436e-12 7.1907879958236167e-12 4.867358272388105e-05 -7.1094570076660274e-12 5.3317282283825428e-12 4.843575250453694e-05 -4.7360722438464125e-12 3.5295475025788654e-12 4.819120451544161e-05 -2.3302532427537075e-12 1.8074906804547056e-12 4.7936851543967606e-05 -1.1993822343040316e-13 -5.7166828353731529e-14 4.6356941351096711e-05 1.4066344929513301e-12 -1.8793498208575921e-12 3.9526001349063236e-05 2.1424445785154285e-12 -3.0050600205491658e-12 3.0738924185122761e-05 2.4523202269249752e-12 -3.2724182847629483e-12 2.2639624243533792e-05 2.1745357488885998e-12 -2.5574985812572679e-12 1.3930354992660138e-05 1.2511684065544048e-12 -1.2622511333221664e-12 5.9391076010626901e-06 ]
[ -2.4141774117303313e-12 5.2662428659783381e-13 1.0572939041132055e-05 0.00080079833476097895 0.00036151015817416355 1.6565505507665862e-10 3.4298033364376985e-05 1.7329019288827269e-05 6.642718575621332e-12 3.2750747232715621e-05 2.0123126671234764e-05 5.9970958293276328e-12 3.1325782921361032e-05 2.2302641791903775e-05 5.5288356950016279e-12 3.0361729984023369e-05 2.3623867136995787e-05 5.1923356807157813e-12 3.0142259745332526e-05 2.3924989163113184e-05 4.9195505072011532e-12 3.0645146897861682e-05 2.3295332695089871e-05 4.6320751491277165e-12 3.1468639561924997e-05 2.2190623412405821e-05 4.2744886686203945e-12 3.2327867250705641e-05 2.0939938039725333e-05 3.8290599953105869e-12 3.3579593643368802e-05 1.8871669288405265e-05 3.2736828633783465e-12 3.5637623733191904e-05 1.4561363365782682e-05 2.5127516330846338e-12 3.7727284448121707e-05 7.5307383552985682e-06 1.4066344929513303e-12 3.7194389773827556e-05 -7.5990092777892054e-08 -6.9742524456543557e-14 2.9771657481734939e-05 -4.0833686642694941e-06 -1.4337995278008363e-12 2.1856627216426185e-05 -3.9874148527519995e-06 -2.1672463173633595e-12 1.3558166919287779e-05 -2.0985155858967161e-06 -2.0175292949656295e-12 5.8554718225031873e-06 -5.1836719491906642e-07 -1.1311715399669458e-12 ]
[ 5.5115729840151744e-11 -5.7125772134209191e-11 -0.00010822858835355531 -0.00037076773994226293 0.00086587227719757637 -6.4547094581152251e-10 -1.7858107576105549e-05 3.7123656405803766e-05 -2.6419224714114344e-11 -2.0846501982632009e-05 3.5318566734503337e-05 -2.3892599395446321e-11 -2.3163045088681949e-05 3.3634195460948225e-05 -2.1343892673387524e-11 -2.4551822655644465e-05 3.2426036037066449e-05 -1.8793694052845435e-11 -2.4849897951563504e-05 3.1990986384794966e-05 -1.6255925152310037e-11 -2.4164719422664776e-05 3.23055811541141e-05 -1.3739359267129336e-11 -2.2986597841781404e-05 3.2951703142574971e-05 -1.1250336557676589e-11 -2.1664246839733665e-05 3.3633667901188377e-05 -8.793593198666198e-12 -1.9504783610344664e-05 3.4720285602567969e-05 -6.3785757017274536e-12 -1.5053095006269763e-05 3.663938412505258e-05 -4.043295953160229e-12 -7.8421806885968519e-06 3.859675865437462e-05 -1.8793498208575934e-12 -7.5990092777894595e-08 3.7902402744314316e-05 -3.0155630846644486e-14 4.0210968446695773e-06 3.0284731499512205e-05 1.1822533338092397e-12 3.9593287650685161e-06 2.2178324768524949e-05 1.6792216877879149e-12 2.0841443494595521e-06 1.3715632107278939e-05 1.5211984712253462e-12 5.1369885836877786e-07 5.8977528350547113e-06 8.6021271033189376e-13 ]
[ -5.5143039494163938e-05 9.3899494291632219e-05 -7.7012056458800249e-11 -4.204718936096813e-10 5.2366979529001307e-10 0.0009404653423958605 -1.7958958281526864e-11 2.0748110672665042e-11 4.1145358729820236e-05 -1.7738925684221787e-11 1.7339026793745541e-11 4.0970477732604739e-05 -1.7020475292733486e-11 1.4253681322141496e-11 4.0805535165413713e-05 -1.5795531149057977e-11 1.1664527126185941e-11 4.0649510286083547e-05 -1.4133043325052549e-11 9.6443133431191648e-12 4.049942235720587e-05 -1.2186334123847936e-11 8.06557666954284e-12 4.0350676255821962e-05 -1.0163794955590536e-11 6.6362711246963175e-12 4.019885429184306e-05 -8.1780916582106881e-12 5.1880090575288457e-12 4.0041965078321652e-05 -6.1602740122958502e-12 3.8343247220875238e-12 3.9879738291673506e-05 -4.0360941531404465e-12 2.6703791648906983e-12 3.9709609561811172e-05 -1.9200286692596847e-12 1.4672936756692222e-12 3.9526001349063236e-05 -6.9742524456542749e-14 -3.0155630846644486e-14 3.8018199071729534e-05 1.1739885243519471e-12 -1.3916337926942677e-12 3.0612243937495906e-05 1.7877575759864245e-12 -2.0508092757065615e-12 2.256712726229597e-05 1.7437297031795289e-12 -1.8164431530385182e-12 1.3897309750040249e-05 1.0464432437110209e-12 -9.5907423207578726e-13 5.9307172015697235e-06 ]
[ 1.1252524917051735e-12 -1.9678726367003026e-12 8.7721285076113382e-07 0.00057951318140570115 0.00036971997369623114 8.9581493702882345e-11 2.461346075599771e-05 1.7264080606550137e-05 3.6427372916119459e-12 2.3105478231307582e-05 1.9240278460311743e-05 3.4025482165107375e-12 2.1761837698225989e-05 2.0754523913223126e-05 3.3027731749046657e-12 2.0871207682440748e-05 2.1655888021708964e-05 3.3059764213070917e-12 2.0670280972301015e-05 2.1850572130142564e-05 3.3580064816143431e-12 2.1131074946013999e-05 2.1405102103414129e-05 3.3971897370739869e-12 2.1891840211711703e-05 2.0627517753616359e-05 3.3798758083606831e-12 2.2695762947435303e-05 1.9740902149008455e-05 3.2917931694139268e-12 2.389206473247519e-05 1.8265138767276643e-05 3.1148434441996392e-12 2.5955397143829356e-05 1.5144327417886824e-05 2.7710093619615712e-12 2.8337395143871155e-05 9.9242744833495339e-06 2.1424445785154269e-12 2.9771657481734939e-05 4.0210968446695773e-06 1.1739885243519459e-12 2.8769379521403391e-05 -4.3326331772544369e-09 -2.7247745531260667e-14 2.2216998342315428e-05 -9.4789982404148106e-07 -9.9026334992011283e-13 1.3731161185981267e-05 -2.2004086464175175e-07 -1.2203965770617547e-12 5.8776525735648874e-06 2.8710717727344395e-07 -7.5975802024779412e-13 ]
[ 3.9164996657988294e-11 -3.8430630359013187e-11 -7.0595156835034703e-05 -0.0003726325334163686 0.00062305206381688344 -5.4546589999599346e-10 -1.7474699174496784e-05 2.6510276625729276e-05 -2.240328779714536e-11 -1.9593987592235628e-05 2.4844108986029475e-05 -2.040485363154217e-11 -2.1213641524651501e-05 2.3338296342351478e-05 -1.8406312405126062e-11 -2.2173634537456442e-05 2.2292198292075962e-05 -1.6418484065923342e-11 -2.2378543027971058e-05 2.1951356852861043e-05 -1.4444704619197897e-11 -2.1906790836442333e-05 2.228794941164111e-05 -1.2483285424073975e-11 -2.1090205643725318e-05 2.2931020050472832e-05 -1.0533167409721766e-11 -2.016554050747678e-05 2.3617468944148193e-05 -8.5961008472125865e-12 -1.8637474950270988e-05 2.4703625737438549e-05 -6.676975747503327e-12 -1.5427824660634149e-05 2.6672143605886109e-05 -4.7947791807421915e-12 -1.0090128287147884e-05 2.8961750065025768e-05 -3.0050600205491658e-12 -4.083368664269495e-06 3.0284731499512208e-05 -1.3916337926942657e-12 -4.3326331772533781e-09 2.9152002692355661e-05 -8.9539912625487086e-15 9.5158198614923006e-07 2.2463408088673522e-05 9.2055159791762801e-13 2.2176793627659301e-07 1.3854748665043208e-05 1.1421348433778437e-12 -2.8717339643205201e-07 5.9115593845648756e-06 7.3370255550839992e-13 ]
[ -3.8844274089922677e-05 5.8978916539048911e-05 -5.3600928694043108e-11 -3.6700019375565873e-10 4.1710934490027852e-10 0.00072558779614949559 -1.574202107327358e-11 1.6497879281294446e-11 3.1744466081541539e-05 -1.5606103724039508e-11 1.3719230561911859e-11 3.1634974640459819e-05 -1.5068987496075393e-11 1.1215334677213117e-11 3.1532388692431251e-05 -1.4128594929934313e-11 9.1398184828935015e-12 3.1435939102255879e-05 -1.2843016834835711e-11 7.564314482549517e-12 3.1343549992631971e-05 -1.1332643334225836e-11 6.3860804996224761e-12 3.1252076215519456e-05 -9.7587374357883894e-12 5.3488975913924536e-12 3.1158503135824564e-05 -8.2088403608624043e-12 4.3008168884624522e-12 3.1061461766433663e-05 -6.6209507243337941e-12 3.3660422789136049e-12 3.0960751495686347e-05 -4.9070186635095891e-12 2.6838422332158273e-12 3.0854572126300694e-05 -3.1129262821667021e-12 2.0689203517716648e-12 3.0738924185122761e-05 -1.4337995278008363e-12 1.1822533338092385e-12 3.0612243937495906e-05 -2.7247745531258799e-14 -8.9539912625503241e-15 2.9169394321961908e-05 9.2295910233719743e-13 -9.6805508309603328e-13 2.2490591827584793e-05 1.1914733181586786e-12 -1.16316478164086e-12 1.3862618027382608e-05 7.9216103097356872e-13 -6.9629224005177639e-13 5.9219970672029845e-06 ]
[ 1.1567001638480623e-12 -1.4209574827140709e-12 -9.0115608168081509e-07 0.00041582920995979683 0.00029307704212494572 7.0990534087571146e-11 1.760817361044369e-05 1.3601857633191641e-05 2.9488830733352635e-12 1.6426300813847598e-05 1.5008503679410321e-05 2.8338120040182095e-12 1.5381817890155156e-05 1.6079255315568922e-05 2.8226994052505061e-12 1.4693099399104536e-05 1.6712350813795042e-05 2.8875352309799541e-12 1.4538088768288827e-05 1.6846477615295052e-05 2.9881800849261451e-12 1.4893670804255162e-05 1.6529856212116571e-05 3.0790803141254269e-12 1.5482007827779279e-05 1.5977924597699255e-05 3.1279741276882227e-12 1.6105782855267427e-05 1.534688195887503e-05 3.124237639312458e-12 1.7039044741999504e-05 1.4293731024270106e-05 3.0543410791238511e-12 1.8667557851036086e-05 1.2054325961112967e-05 2.8600107645353689e-12 2.060103701018244e-05 8.2748891670282303e-06 2.4523202269249748e-12 2.1856627216426185e-05 3.9593287650685161e-06 1.7877575759864232e-12 2.2216998342315432e-05 9.5158198614922879e-07 9.2295910233719561e-13 2.093570511861242e-05 4.5663966021502444e-09 -5.3235466675066601e-15 1.3732408963657718e-05 3.6724804913551492e-07 -5.7034984498308113e-13 5.8619650559193246e-06 5.3772890764896942e-07 -4.7120035132229017e-13 ]
[ 2.4432886843816674e-11 -2.2785440584760326e-11 -4.052984397521585e-05 -0.00029418587073531813 0.00044138854056253914 -4.2499279348952275e-10 -1.3699241241697412e-05 1.8722842543150555e-05 -1.7515399641052025e-11 -1.5192914834656313e-05 1.7451788600818418e-05 -1.6053838793150885e-11 -1.632874169067115e-05 1.6315215479061598e-05 -1.4594920033747688e-11 -1.6999386282618293e-05 1.5537698396963932e-05 -1.3145261209551748e-11 -1.7142338483341239e-05 1.5302429663390733e-05 -1.1705503053493471e-11 -1.6812702240712938e-05 1.5586600275515942e-05 -1.0272410543152572e-11 -1.6240029157637514e-05 1.6107257374384256e-05 -8.843839295902123e-12 -1.5588690388992212e-05 1.6663532172930756e-05 -7.4206454762661555e-12 -1.4506393564223137e-05 1.7533538800044196e-05 -6.0058152571005798e-12 -1.2215112120489768e-05 1.9107569697904399e-05 -4.6107306823290101e-12 -8.3653847989529931e-06 2.0987594904909027e-05 -3.27241828476295e-12 -3.9874148527519986e-06 2.2178324768524953e-05 -2.0508092757065619e-12 -9.4789982404147937e-07 2.2463408088673519e-05 -9.6805508309603065e-13 4.5663966021519385e-09 2.1103821801593516e-05 2.6895967083890742e-16 -3.6245625776807508e-07 1.3820891147032979e-05 5.8140253760172078e-13 -5.3672650514633859e-07 5.8871037967697324e-06 5.0407246873339005e-13 ]
[ -2.257810898713536e-05 3.3670593885346331e-05 -3.2564518292522923e-11 -3.0067407503049646e-10 3.10947168923256e-10 0.00053057308917460293 -1.2934282852019587e-11 1.2261609441093966e-11 2.3212572651389738e-05 -1.2846634549515447e-11 1.0122524367042103e-11 2.3150098549975052e-05 -1.2456051737656015e-11 8.2038341194908775e-12 2.3091630113443739e-05 -1.17655722877694e-11 6.6326087725828046e-12 2.3036716015341291e-05 -1.0822268584773672e-11 5.4722105399636767e-12 2.2984151689947165e-05 -9.715137650123052e-12 4.6441413320609874e-12 2.2932116851657924e-05 -8.5599629415630747e-12 3.9383670724445473e-12 2.2878867545872157e-05 -7.4195219601207315e-12 3.227566210711272e-12 2.2823610933664059e-05 -6.2445431785639139e-12 2.6301009613308477e-12 2.2766229541929218e-05 -4.9523590786688243e-12 2.2984672661355707e-12 2.2705677541482046e-05 -3.5442503307308714e-12 2.0937648354278582e-12 2.2639624243533795e-05 -2.1672463173633615e-12 1.6792216877879166e-12 2.256712726229597e-05 -9.9026334992011081e-13 9.205515979176272e-13 2.2490591827584789e-05 -5.3235466675050445e-15 2.6895967083809963e-16 2.1103983110983664e-05 5.8368285007169362e-13 -5.6315754786387998e-13 1.3827588244169641e-05 5.1555351737734706e-13 -4.5729949894368086e-13 5.913248853381804e-06 ]
[ 3.6476668450881406e-13 -4.1247682534098618e-13 -3.6494569842323797e-07 0.00026151878869693526 0.00017398680750572098 6.4644385679458718e-11 1.1093722294561874e-05 8.1028841836965396e-06 2.7140819599750013e-12 1.0387609126057662e-05 8.9910655620078838e-06 2.619465046856773e-12 9.7606991603063963e-06 9.6696482747773468e-06 2.5890186189989911e-12 9.3461079743991241e-06 1.0072199025540673e-05 2.605551172107104e-12 9.2526756559495382e-06 1.0157922487355992e-05 2.6442838391295748e-12 9.4669557183736464e-06 9.9569635339359903e-06 2.6770305254668072e-12 9.821028357216355e-06 9.6069016204581278e-06 2.6838304418301384e-12 1.0195682636410838e-05 9.2074182239210457e-06 2.6581350439986485e-12 1.0754429458598421e-05 8.5422512441980237e-06 2.5916387323131306e-12 1.1722815320996578e-05 7.1333091986000598e-06 2.4485427629078166e-12 1.2854116084376111e-05 4.7686271368111108e-06 2.1745357488886006e-12 1.3558166919287779e-05 2.0841443494595521e-06 1.7437297031795291e-12 1.3731161185981267e-05 2.2176793627659301e-07 1.1914733181586778e-12 1.3732408963657718e-05 -3.6245625776807593e-07 5.8368285007169362e-13 1.2427446362572151e-05 1.2763034432221851e-09 1.5230669150423179e-15 5.8743550624334198e-06 3.654684547105598e-07 -2.2125038554535738e-13 ]
[ 1.192426097174316e-11 -1.0641805964151825e-11 -1.8301762409467877e-05 -0.0001746599083423769 0.00027329972172731389 -2.7231896867750272e-10 -8.1548497762915669e-06 1.1607190827783904e-05 -1.1257157701360598e-11 -9.0830588289118645e-06 1.0860119742250874e-05 -1.0370581959594064e-11 -9.7915629772279072e-06 1.0191023990979038e-05 -9.4827445741515173e-12 -1.02113539326488e-05 9.7359415747455377e-06 -8.5981208531262457e-12 -1.0301060339690804e-05 9.6061799422866901e-06 -7.7177676050824925e-12 -1.0093963072575374e-05 9.7884128703671266e-06 -6.8404967551889605e-12 -9.7341388547767506e-06 1.0112250964585208e-05 -5.9655923398864471e-12 -9.3250493402260844e-06 1.0456767976664666e-05 -5.0937931351733417e-12 -8.6460394467523694e-06 1.0987458463132689e-05 -4.2271493130910955e-12 -7.2123174972875539e-06 1.1932112036215465e-05 -3.3736195882304511e-12 -4.8136788116172419e-06 1.3040273855430922e-05 -2.5574985812572691e-12 -2.0985155858967169e-06 1.3715632107278942e-05 -1.8164431530385184e-12 -2.2004086464175132e-07 1.3854748665043208e-05 -1.1631647816408584e-12 3.6724804913551619e-07 1.3820891147032977e-05 -5.6315754786387998e-13 1.2763034432217616e-09 1.248010636260043e-05 2.3835274088814638e-15 -3.6494569842357567e-07 5.8907524903074609e-06 2.3728572463323592e-13 ]
[ -9.7998419692818119e-06 1.5463426248271882e-05 -1.538399497408431e-11 -2.0370128317477448e-10 1.9326741171457771e-10 0.00032445834312743924 -8.7821249980207537e-12 7.5964394258735677e-12 1.4195052511826031e-05 -8.7339487343951715e-12 6.2236244509828608e-12 1.4166313213932998e-05 -8.4951338521666334e-12 4.9977096439958804e-12 1.4139323844734032e-05 -8.0704993232881748e-12 4.0053341389309548e-12 1.4113894444414317e-05 -7.4917260662361508e-12 3.2918963966521158e-12 1.4089499357388725e-05 -6.8137057824416339e-12 2.8073324152397665e-12 1.4065337630547023e-05 -6.1056021002119373e-12 2.4093791181555751e-12 1.4040640787173371e-05 -5.4048395685699276e-12 2.0102851926595196e-12 1.4015060697847204e-05 -4.6791066456113253e-12 1.6993246777045558e-12 1.3988547581302012e-05 -3.8669640496088347e-12 1.6009449171204197e-12 1.396064676767449e-05 -2.9491658115215104e-12 1.6283988258974836e-12 1.3930354992660136e-05 -2.0175292949656303e-12 1.5211984712253482e-12 1.3897309750040248e-05 -1.2203965770617539e-12 1.1421348433778429e-12 1.3862618027382608e-05 -5.7034984498308082e-13 5.8140253760172158e-13 1.3827588244169641e-05 1.5230669150426209e-15 2.3835274088814638e-15 1.248323426422201e-05 2.3796995758224447e-13 -2.2012160595414722e-13 5.9045255329091567e-06 ]
[ 1.8740815678725042e-28 -2.5617625115163333e-28 -6.3577714381079064e-23 0.00011665589115901515 6.7042025589640134e-05 4.0824979801714222e-11 4.9688190335366679e-06 3.1526829592368097e-06 1.7194385456375459e-12 4.6918774745117859e-06 3.552401120778978e-06 1.6550412132475419e-12 4.4429031220498356e-06 3.8603100823769424e-06 1.6179866238772442e-12 4.276951155066608e-06 4.0442853635902709e-06 1.6010444362734579e-12 4.2394248641701749e-06 4.0838421019509909e-06 1.5936485417873784e-12 4.3254374557573721e-06 3.9922413272484434e-06 1.583716328763372e-12 4.4670583028260711e-06 3.8329904471635605e-06 1.562696276472014e-12 4.6161102108690466e-06 3.6520346230636239e-06 1.5278104278614827e-12 4.8364737429838203e-06 3.3523467338954448e-06 1.475563318472566e-12 5.2112725845533785e-06 2.7232167642174934e-06 1.3908663904708681e-12 5.629141203814676e-06 1.6808828199417038e-06 1.2511684065544048e-12 5.8554718225031873e-06 5.1369885836877796e-07 1.0464432437110205e-12 5.8776525735648866e-06 -2.8717339643205222e-07 7.9216103097356872e-13 5.8619650559193246e-06 -5.3672650514633923e-07 5.1555351737734726e-13 5.8743550624334207e-06 -3.6494569842357567e-07 2.3796995758224467e-13 4.5773779933457746e-06 -4.5900255706113804e-22 1.1582132722463537e-15 ]
[ 3.196803880182184e-12 -2.7561629727043415e-12 -4.577377993343829e-06 -6.7303809040064667e-05 0.00011965704581463335 -1.1876383392018585e-10 -3.16986717911632e-06 5.0994505765282101e-06 -4.9214462895391206e-12 -3.5795909543406152e-06 4.8119264807749174e-06 -4.5522026152899762e-12 -3.8949260719457148e-06 4.5521277131320356e-06 -4.1800064266320468e-12 -4.0831027301207711e-06 4.3758811621681826e-06 -3.8072232041978211e-12 -4.1234941228127493e-06 4.3292331129704268e-06 -3.4350114556570882e-12 -4.0301526426867903e-06 4.4073086471522167e-06 -3.0636997648786304e-12 -3.8682298219021267e-06 4.5414923643116593e-06 -2.6935968720826293e-12 -3.6846305503484231e-06 4.6831345805570713e-06 -2.3252284844944745e-12 -3.3811901216846304e-06 4.8966667503227788e-06 -1.9596959878662858e-12 -2.7454274956139099e-06 5.2658501879966195e-06 -1.6013977306514283e-12 -1.693958979465856e-06 5.6783214663887535e-06 -1.2622511333221664e-12 -5.1836719491906642e-07 5.8977528350547122e-06 -9.5907423207578686e-13 2.8710717727344459e-07 5.9115593845648764e-06 -6.9629224005177599e-13 5.3772890764897006e-07 5.8871037967697324e-06 -4.5729949894368086e-13 3.6546845471056022e-07 5.8907524903074592e-06 -2.2012160595414722e-13 -2.4724432024756295e-22 4.5844526602280201e-06 1.1602633560024014e-15 ]
[ -2.2647982525333833e-06 3.9789191750987157e-06 -3.9785021230759642e-12 -9.4422176941219336e-11 8.3244116854652405e-11 0.00013732398734382154 -4.0783395777693667e-12 3.262567774659722e-12 6.0079244462924437e-06 -4.0608182962757597e-12 2.6558840994343835e-12 6.0005079800506103e-06 -3.9602944848630048e-12 2.1162708231886125e-12 5.9935013271875167e-06 -3.7798996815339714e-12 1.6841360682962091e-12 5.9868634196736264e-06 -3.534110551486354e-12 1.3814865161645075e-12 5.9804714277282217e-06 -3.2463221345758013e-12 1.1862777629079426e-12 5.9741350566537081e-06 -2.9452756467703735e-12 1.0325332449818346e-12 5.9676712048490351e-06 -2.6465404326841161e-12 8.7899020001840354e-13 5.960997506369858e-06 -2.3352697844204428e-12 7.703901877345134e-13 5.9541030325939101e-06 -1.9804182470238647e-12 7.7212210176922982e-13 5.9468823553098855e-06 -1.5655305070598843e-12 8.4633821513759583e-13 5.939107601062691e-06 -1.1311715399669458e-12 8.6021271033189335e-13 5.9307172015697235e-06 -7.5975802024779332e-13 7.3370255550839952e-13 5.9219970672029845e-06 -4.7120035132228986e-13 5.0407246873339005e-13 5.913248853381804e-06 -2.2125038554535748e-13 2.3728572463323511e-13 5.9045255329091584e-06 1.1582132722471615e-15 1.1602633560024014e-15 4.5867299864499632e-06 ] ]